 6 Califor   37 Los Angeles County       2010  3756.536 332.62   0 266.32 35.67  634.62 18.85   634.62 3531.80 3.31  0 12.67  15.98   49.44  0   74.08   7.95  131.47  0.05   0.01  60.24  5.95  66.24  0.85  799.49  2.22  0  802.56  386.27  799.49  415.53  49.57  1650.87  1
 6 Califor   59 Orange County            2010  3756.536 332.62   0 266.32 35.67  634.62 18.85   634.62 3531.80 3.31  0 12.67  15.98   49.44  0   74.08   7.95  131.47  0.05   0.01  60.24  5.95  66.24  0.85  799.49  2.22  0  802.56  386.27  799.49  415.53  49.57  1650.87  1
 6 Califor   71 San Bernardino Cou       2010  3756.536 332.62   0 266.32 35.67  634.62 18.85   634.62 3531.80 3.31  0 12.67  15.98   49.44  0   74.08   7.95  131.47  0.05   0.01  60.24  5.95  66.24  0.85  799.49  2.22  0  802.56  386.27  799.49  415.53  49.57  1650.87  1
 6 Califor   73 San Diego County         2010  3756.536 332.62   0 266.32 35.67  634.62 18.85   634.62 3531.80 3.31  0 12.67  15.98   49.44  0   74.08   7.95  131.47  0.05   0.01  60.24  5.95  66.24  0.85  799.49  2.22  0  802.56  386.27  799.49  415.53  49.57  1650.87  1
 6 Califor  111 Ventura County           2010  3756.536 332.62   0 266.32 35.67  634.62 18.85   634.62 3531.80 3.31  0 12.67  15.98   49.44  0   74.08   7.95  131.47  0.05   0.01  60.24  5.95  66.24  0.85  799.49  2.22  0  802.56  386.27  799.49  415.53  49.57  1650.87  1
 6 Califor   25 Imperial County          2010  1182.085 119.66   0 156.00 23.70  299.36  6.90   299.36 1145.06 0.39  0  1.53   1.92  733.77  0   84.39   6.51  824.66  3.68   0.00   6.32  1.34  11.34 11.36    0.00  3.22  0   14.58  868.84    0.00  251.45  31.55  1151.84  2
 6 Califor   65 Riverside County         2010  1182.085 119.66   0 156.00 23.70  299.36  6.90   299.36 1145.06 0.39  0  1.53   1.92  733.77  0   84.39   6.51  824.66  3.68   0.00   6.32  1.34  11.34 11.36    0.00  3.22  0   14.58  868.84    0.00  251.45  31.55  1151.84  2
32 Nevada     3 Clark County             2010  1951.269 386.79   0  52.64  0.00  439.43  0.00   439.43 1877.94 0.00  0 14.67  14.67    4.43  0   10.04   2.21   16.68  7.19   0.00   2.89  0.00  10.08  3.04    0.00  4.95  0    7.99  401.45    0.00   85.19   2.21   488.85  3
 4 Arizona   12 La Paz County            2010   138.816   7.67   0  18.91  0.00   26.58  0.00    26.58  130.82 0.00  0  1.18   1.18  540.48  0   80.85   1.31  622.64  0.00   0.00   0.13  0.00   0.13  0.24    0.00  0.97  0    1.21  548.39    0.00  102.05   1.31   651.74  4
 4 Arizona   15 Mohave County            2010   138.816   7.67   0  18.91  0.00   26.58  0.00    26.58  130.82 0.00  0  1.18   1.18  540.48  0   80.85   1.31  622.64  0.00   0.00   0.13  0.00   0.13  0.24    0.00  0.97  0    1.21  548.39    0.00  102.05   1.31   651.74  4
 4 Arizona   27 Yuma County              2010   138.816   7.67   0  18.91  0.00   26.58  0.00    26.58  130.82 0.00  0  1.18   1.18  540.48  0   80.85   1.31  622.64  0.00   0.00   0.13  0.00   0.13  0.24    0.00  0.97  0    1.21  548.39    0.00  102.05   1.31   651.74  4
 4 Arizona   13 Maricopa County          2010  1724.481 198.69   0 146.69  0.00  345.38  0.00   345.38 1699.25 0.00  0  3.52   3.52  378.02  0  377.50  37.74  793.26  0.00   0.00  14.51  0.00  14.51  1.68    0.00  9.08  0   10.76  578.39    0.00  551.31  37.74  1167.43  5
 4 Arizona   19 Pima County              2010  1724.481 198.69   0 146.69  0.00  345.38  0.00   345.38 1699.25 0.00  0  3.52   3.52  378.02  0  377.50  37.74  793.26  0.00   0.00  14.51  0.00  14.51  1.68    0.00  9.08  0   10.76  578.39    0.00  551.31  37.74  1167.43  5
 4 Arizona   21 Pinal County             2010  1724.481 198.69   0 146.69  0.00  345.38  0.00   345.38 1699.25 0.00  0  3.52   3.52  378.02  0  377.50  37.74  793.26  0.00   0.00  14.51  0.00  14.51  1.68    0.00  9.08  0   10.76  578.39    0.00  551.31  37.74  1167.43  5
 4 Arizona    1 Apache County            2010   104.463   3.08   0  10.40  0.00   13.48  0.00    13.48   88.37 0.00  0  1.51   1.51    4.99  0    3.64   3.49   12.12  0.00   0.00   3.33  0.00   3.33  7.13    0.00 14.23  0   21.36   15.20    0.00   33.12   3.49    51.80  6
 4 Arizona    5 Coconino County          2010   104.463   3.08   0  10.40  0.00   13.48  0.00    13.48   88.37 0.00  0  1.51   1.51    4.99  0    3.64   3.49   12.12  0.00   0.00   3.33  0.00   3.33  7.13    0.00 14.23  0   21.36   15.20    0.00   33.12   3.49    51.80  6
 4 Arizona   17 Navajo County            2010   104.463   3.08   0  10.40  0.00   13.48  0.00    13.48   88.37 0.00  0  1.51   1.51    4.99  0    3.64   3.49   12.12  0.00   0.00   3.33  0.00   3.33  7.13    0.00 14.23  0   21.36   15.20    0.00   33.12   3.49    51.80  6
49 Utah      11 Davis County             2010   374.483  53.82   0  35.30  0.00   89.12  0.00    89.12  372.64 0.00  0  0.31   0.31   70.87  0   13.48   0.41   84.75  0.00   6.62   8.96  0.00  15.58  0.00    0.09  1.17  0    1.37  124.68    6.71   59.22   0.51   191.13  7
49 Utah      23 Juab County              2010   374.483  53.82   0  35.30  0.00   89.12  0.00    89.12  372.64 0.00  0  0.31   0.31   70.87  0   13.48   0.41   84.75  0.00   6.62   8.96  0.00  15.58  0.00    0.09  1.17  0    1.37  124.68    6.71   59.22   0.51   191.13  7
49 Utah      29 Morgan County            2010   374.483  53.82   0  35.30  0.00   89.12  0.00    89.12  372.64 0.00  0  0.31   0.31   70.87  0   13.48   0.41   84.75  0.00   6.62   8.96  0.00  15.58  0.00    0.09  1.17  0    1.37  124.68    6.71   59.22   0.51   191.13  7
49 Utah      35 Salt Lake County         2010   374.483  53.82   0  35.30  0.00   89.12  0.00    89.12  372.64 0.00  0  0.31   0.31   70.87  0   13.48   0.41   84.75  0.00   6.62   8.96  0.00  15.58  0.00    0.09  1.17  0    1.37  124.68    6.71   59.22   0.51   191.13  7
49 Utah      49 Utah County              2010   374.483  53.82   0  35.30  0.00   89.12  0.00    89.12  372.64 0.00  0  0.31   0.31   70.87  0   13.48   0.41   84.75  0.00   6.62   8.96  0.00  15.58  0.00    0.09  1.17  0    1.37  124.68    6.71   59.22   0.51   191.13  7
49 Utah       9 Daggett County           2010    16.591   0.65   0   3.53  0.00    4.18  0.00     4.18   15.36 0.00  0  0.21   0.21  130.99  0    6.80   0.31  138.10  0.10   0.00   1.20  0.00   1.30  3.62    0.00  1.04  0    4.66  135.36    0.00   12.78   0.31   148.45  8
49 Utah      13 Duchesne County          2010    16.591   0.65   0   3.53  0.00    4.18  0.00     4.18   15.36 0.00  0  0.21   0.21  130.99  0    6.80   0.31  138.10  0.10   0.00   1.20  0.00   1.30  3.62    0.00  1.04  0    4.66  135.36    0.00   12.78   0.31   148.45  8
49 Utah      15 Emery County             2010    16.591   0.65   0   3.53  0.00    4.18  0.00     4.18   15.36 0.00  0  0.21   0.21  130.99  0    6.80   0.31  138.10  0.10   0.00   1.20  0.00   1.30  3.62    0.00  1.04  0    4.66  135.36    0.00   12.78   0.31   148.45  8
49 Utah      31 Piute County             2010    16.591   0.65   0   3.53  0.00    4.18  0.00     4.18   15.36 0.00  0  0.21   0.21  130.99  0    6.80   0.31  138.10  0.10   0.00   1.20  0.00   1.30  3.62    0.00  1.04  0    4.66  135.36    0.00   12.78   0.31   148.45  8
49 Utah      39 Sanpete County           2010    16.591   0.65   0   3.53  0.00    4.18  0.00     4.18   15.36 0.00  0  0.21   0.21  130.99  0    6.80   0.31  138.10  0.10   0.00   1.20  0.00   1.30  3.62    0.00  1.04  0    4.66  135.36    0.00   12.78   0.31   148.45  8
49 Utah      47 Uintah County            2010    16.591   0.65   0   3.53  0.00    4.18  0.00     4.18   15.36 0.00  0  0.21   0.21  130.99  0    6.80   0.31  138.10  0.10   0.00   1.20  0.00   1.30  3.62    0.00  1.04  0    4.66  135.36    0.00   12.78   0.31   148.45  8
49 Utah      51 Wasatch County           2010    16.591   0.65   0   3.53  0.00    4.18  0.00     4.18   15.36 0.00  0  0.21   0.21  130.99  0    6.80   0.31  138.10  0.10   0.00   1.20  0.00   1.30  3.62    0.00  1.04  0    4.66  135.36    0.00   12.78   0.31   148.45  8
56 Wyoming   37 Sweetwater County        2010    43.806   9.59   0   0.30  0.00    9.89  0.00     9.89   43.34 0.00  0  0.03   0.03   91.28  0   10.85   0.00  102.13  0.78   0.00  31.81  0.00  32.59 24.40    0.00  0.00  0   24.40  126.05    0.00   42.99   0.00   169.04  9
 8 Colorad   29 Delta County             2010    30.547   4.16   0   1.15  0.00    5.31  0.00     5.31   26.47 0.00  0  0.63   0.63  261.47  0   10.62   0.00  272.09  0.22   0.00   0.96  0.00   1.19  1.33    0.00  0.00  0    1.33  267.18    0.00   13.37   0.00   280.54 10
 8 Colorad   37 Eagle County             2010    30.547   4.16   0   1.15  0.00    5.31  0.00     5.31   26.47 0.00  0  0.63   0.63  261.47  0   10.62   0.00  272.09  0.22   0.00   0.96  0.00   1.19  1.33    0.00  0.00  0    1.33  267.18    0.00   13.37   0.00   280.54 10
 8 Colorad   45 Garfield County          2010    30.547   4.16   0   1.15  0.00    5.31  0.00     5.31   26.47 0.00  0  0.63   0.63  261.47  0   10.62   0.00  272.09  0.22   0.00   0.96  0.00   1.19  1.33    0.00  0.00  0    1.33  267.18    0.00   13.37   0.00   280.54 10
 8 Colorad   49 Grand County             2010    30.547   4.16   0   1.15  0.00    5.31  0.00     5.31   26.47 0.00  0  0.63   0.63  261.47  0   10.62   0.00  272.09  0.22   0.00   0.96  0.00   1.19  1.33    0.00  0.00  0    1.33  267.18    0.00   13.37   0.00   280.54 10
 8 Colorad   51 Gunnison County          2010    30.547   4.16   0   1.15  0.00    5.31  0.00     5.31   26.47 0.00  0  0.63   0.63  261.47  0   10.62   0.00  272.09  0.22   0.00   0.96  0.00   1.19  1.33    0.00  0.00  0    1.33  267.18    0.00   13.37   0.00   280.54 10
 8 Colorad   53 Hinsdale County          2010    30.547   4.16   0   1.15  0.00    5.31  0.00     5.31   26.47 0.00  0  0.63   0.63  261.47  0   10.62   0.00  272.09  0.22   0.00   0.96  0.00   1.19  1.33    0.00  0.00  0    1.33  267.18    0.00   13.37   0.00   280.54 10
 8 Colorad   77 Mesa County              2010    30.547   4.16   0   1.15  0.00    5.31  0.00     5.31   26.47 0.00  0  0.63   0.63  261.47  0   10.62   0.00  272.09  0.22   0.00   0.96  0.00   1.19  1.33    0.00  0.00  0    1.33  267.18    0.00   13.37   0.00   280.54 10
 8 Colorad   81 Moffat County            2010    30.547   4.16   0   1.15  0.00    5.31  0.00     5.31   26.47 0.00  0  0.63   0.63  261.47  0   10.62   0.00  272.09  0.22   0.00   0.96  0.00   1.19  1.33    0.00  0.00  0    1.33  267.18    0.00   13.37   0.00   280.54 10
 8 Colorad   85 Montrose County          2010    30.547   4.16   0   1.15  0.00    5.31  0.00     5.31   26.47 0.00  0  0.63   0.63  261.47  0   10.62   0.00  272.09  0.22   0.00   0.96  0.00   1.19  1.33    0.00  0.00  0    1.33  267.18    0.00   13.37   0.00   280.54 10
 8 Colorad   91 Ouray County             2010    30.547   4.16   0   1.15  0.00    5.31  0.00     5.31   26.47 0.00  0  0.63   0.63  261.47  0   10.62   0.00  272.09  0.22   0.00   0.96  0.00   1.19  1.33    0.00  0.00  0    1.33  267.18    0.00   13.37   0.00   280.54 10
 8 Colorad   97 Pitkin County            2010    30.547   4.16   0   1.15  0.00    5.31  0.00     5.31   26.47 0.00  0  0.63   0.63  261.47  0   10.62   0.00  272.09  0.22   0.00   0.96  0.00   1.19  1.33    0.00  0.00  0    1.33  267.18    0.00   13.37   0.00   280.54 10
 8 Colorad  103 Rio Blanco County        2010    30.547   4.16   0   1.15  0.00    5.31  0.00     5.31   26.47 0.00  0  0.63   0.63  261.47  0   10.62   0.00  272.09  0.22   0.00   0.96  0.00   1.19  1.33    0.00  0.00  0    1.33  267.18    0.00   13.37   0.00   280.54 10
 8 Colorad  107 Routt County             2010    30.547   4.16   0   1.15  0.00    5.31  0.00     5.31   26.47 0.00  0  0.63   0.63  261.47  0   10.62   0.00  272.09  0.22   0.00   0.96  0.00   1.19  1.33    0.00  0.00  0    1.33  267.18    0.00   13.37   0.00   280.54 10
 8 Colorad  109 Saguache County          2010    30.547   4.16   0   1.15  0.00    5.31  0.00     5.31   26.47 0.00  0  0.63   0.63  261.47  0   10.62   0.00  272.09  0.22   0.00   0.96  0.00   1.19  1.33    0.00  0.00  0    1.33  267.18    0.00   13.37   0.00   280.54 10
 8 Colorad  117 Summit County            2010    30.547   4.16   0   1.15  0.00    5.31  0.00     5.31   26.47 0.00  0  0.63   0.63  261.47  0   10.62   0.00  272.09  0.22   0.00   0.96  0.00   1.19  1.33    0.00  0.00  0    1.33  267.18    0.00   13.37   0.00   280.54 10
 8 Colorad    1 Adams County             2010   486.754  74.08   0  13.27  0.00   87.35  0.00    87.35  471.69 0.00  0  1.54   1.54   35.91  0    4.18   0.00   40.09  8.05   0.00   0.57  0.00   8.62  1.86    0.00  0.00  0    1.86  119.89    0.00   19.57   0.00   139.46 11
 8 Colorad    5 Arapahoe County          2010   486.754  74.08   0  13.27  0.00   87.35  0.00    87.35  471.69 0.00  0  1.54   1.54   35.91  0    4.18   0.00   40.09  8.05   0.00   0.57  0.00   8.62  1.86    0.00  0.00  0    1.86  119.89    0.00   19.57   0.00   139.46 11
 8 Colorad   31 Denver County            2010   486.754  74.08   0  13.27  0.00   87.35  0.00    87.35  471.69 0.00  0  1.54   1.54   35.91  0    4.18   0.00   40.09  8.05   0.00   0.57  0.00   8.62  1.86    0.00  0.00  0    1.86  119.89    0.00   19.57   0.00   139.46 11
 8 Colorad   35 Douglas County           2010   486.754  74.08   0  13.27  0.00   87.35  0.00    87.35  471.69 0.00  0  1.54   1.54   35.91  0    4.18   0.00   40.09  8.05   0.00   0.57  0.00   8.62  1.86    0.00  0.00  0    1.86  119.89    0.00   19.57   0.00   139.46 11
 8 Colorad   59 Jefferson County         2010   486.754  74.08   0  13.27  0.00   87.35  0.00    87.35  471.69 0.00  0  1.54   1.54   35.91  0    4.18   0.00   40.09  8.05   0.00   0.57  0.00   8.62  1.86    0.00  0.00  0    1.86  119.89    0.00   19.57   0.00   139.46 11
 8 Colorad   11 Bent County              2010   130.222  18.61   0   1.95  0.00   20.56  0.00    20.56  125.58 0.00  0  0.47   0.47  156.15  0   10.59   0.00  166.74  6.14   0.00   0.23  0.00   6.37  2.21    0.00  1.20  0    3.41  183.11    0.00   14.44   0.00   197.55 12
 8 Colorad   13 Boulder County           2010   130.222  18.61   0   1.95  0.00   20.56  0.00    20.56  125.58 0.00  0  0.47   0.47  156.15  0   10.59   0.00  166.74  6.14   0.00   0.23  0.00   6.37  2.21    0.00  1.20  0    3.41  183.11    0.00   14.44   0.00   197.55 12
 8 Colorad   14 Broomfield County        2010   130.222  18.61   0   1.95  0.00   20.56  0.00    20.56  125.58 0.00  0  0.47   0.47  156.15  0   10.59   0.00  166.74  6.14   0.00   0.23  0.00   6.37  2.21    0.00  1.20  0    3.41  183.11    0.00   14.44   0.00   197.55 12
 8 Colorad   15 Chaffee County           2010   130.222  18.61   0   1.95  0.00   20.56  0.00    20.56  125.58 0.00  0  0.47   0.47  156.15  0   10.59   0.00  166.74  6.14   0.00   0.23  0.00   6.37  2.21    0.00  1.20  0    3.41  183.11    0.00   14.44   0.00   197.55 12
 8 Colorad   25 Crowley County           2010   130.222  18.61   0   1.95  0.00   20.56  0.00    20.56  125.58 0.00  0  0.47   0.47  156.15  0   10.59   0.00  166.74  6.14   0.00   0.23  0.00   6.37  2.21    0.00  1.20  0    3.41  183.11    0.00   14.44   0.00   197.55 12
 8 Colorad   41 El Paso County           2010   130.222  18.61   0   1.95  0.00   20.56  0.00    20.56  125.58 0.00  0  0.47   0.47  156.15  0   10.59   0.00  166.74  6.14   0.00   0.23  0.00   6.37  2.21    0.00  1.20  0    3.41  183.11    0.00   14.44   0.00   197.55 12
 8 Colorad   43 Fremont County           2010   130.222  18.61   0   1.95  0.00   20.56  0.00    20.56  125.58 0.00  0  0.47   0.47  156.15  0   10.59   0.00  166.74  6.14   0.00   0.23  0.00   6.37  2.21    0.00  1.20  0    3.41  183.11    0.00   14.44   0.00   197.55 12
 8 Colorad   69 Larimer County           2010   130.222  18.61   0   1.95  0.00   20.56  0.00    20.56  125.58 0.00  0  0.47   0.47  156.15  0   10.59   0.00  166.74  6.14   0.00   0.23  0.00   6.37  2.21    0.00  1.20  0    3.41  183.11    0.00   14.44   0.00   197.55 12
 8 Colorad   87 Morgan County            2010   130.222  18.61   0   1.95  0.00   20.56  0.00    20.56  125.58 0.00  0  0.47   0.47  156.15  0   10.59   0.00  166.74  6.14   0.00   0.23  0.00   6.37  2.21    0.00  1.20  0    3.41  183.11    0.00   14.44   0.00   197.55 12
 8 Colorad   89 Otero County             2010   130.222  18.61   0   1.95  0.00   20.56  0.00    20.56  125.58 0.00  0  0.47   0.47  156.15  0   10.59   0.00  166.74  6.14   0.00   0.23  0.00   6.37  2.21    0.00  1.20  0    3.41  183.11    0.00   14.44   0.00   197.55 12
 8 Colorad   99 Prowers County           2010   130.222  18.61   0   1.95  0.00   20.56  0.00    20.56  125.58 0.00  0  0.47   0.47  156.15  0   10.59   0.00  166.74  6.14   0.00   0.23  0.00   6.37  2.21    0.00  1.20  0    3.41  183.11    0.00   14.44   0.00   197.55 12
 8 Colorad  101 Pueblo County            2010   130.222  18.61   0   1.95  0.00   20.56  0.00    20.56  125.58 0.00  0  0.47   0.47  156.15  0   10.59   0.00  166.74  6.14   0.00   0.23  0.00   6.37  2.21    0.00  1.20  0    3.41  183.11    0.00   14.44   0.00   197.55 12
 8 Colorad  115 Sedgwick County          2010   130.222  18.61   0   1.95  0.00   20.56  0.00    20.56  125.58 0.00  0  0.47   0.47  156.15  0   10.59   0.00  166.74  6.14   0.00   0.23  0.00   6.37  2.21    0.00  1.20  0    3.41  183.11    0.00   14.44   0.00   197.55 12
 8 Colorad  123 Weld County              2010   130.222  18.61   0   1.95  0.00   20.56  0.00    20.56  125.58 0.00  0  0.47   0.47  156.15  0   10.59   0.00  166.74  6.14   0.00   0.23  0.00   6.37  2.21    0.00  1.20  0    3.41  183.11    0.00   14.44   0.00   197.55 12
35 NewMexi    1 Bernalillo County        2010   662.564  40.28   0  57.98  0.00   98.26  0.00    98.26  635.82 0.00  0  2.67   2.67   38.63  0    7.98   0.00   46.61  0.00   0.00   1.04  0.00   1.04  0.00    0.00  0.42  0    0.42   78.91    0.00   70.09   0.00   149.00 13
