 4 Arizona    1 Apache County            2010    71.518   0.00   0   5.33  0.00    5.33  0.00     5.33   48.90 0.00  0  1.95   1.95    7.02  0    1.19   0.00    8.21  0.00   0.00   0.00  0.00   0.00  0.00    0.00 27.53  0   27.53    7.02    0.00   36.00   0.00    43.02
 4 Arizona    3 Cochise County           2010   131.346   0.03   0  15.70  0.00   15.73  0.00    15.73  107.55 0.00  0  2.74   2.74    0.00  0  215.41   0.58  215.99  0.00   0.00   0.09  0.00   0.09  0.00    0.00  4.43  0    4.43    0.03    0.00  238.37   0.58   238.98
 4 Arizona    5 Coconino County          2010   134.421   9.24   0  12.46  0.00   21.70  0.00    21.70  122.36 0.00  0  1.31   1.31    0.05  0    0.83   2.24    3.12  0.00   0.00   0.03  0.00   0.03 21.38    0.00  0.00  0   21.38   30.67    0.00   14.63   2.24    47.54
 4 Arizona    7 Gila County              2010    53.597   0.01   0   6.19  0.00    6.20  0.00     6.20   44.90 0.00  0  1.01   1.01    0.44  0    2.31   0.00    2.75  0.00   0.00  19.90  0.00  19.90  0.00    0.00  0.00  0    0.00    0.45    0.00   29.41   0.00    29.86
 4 Arizona    9 Graham County            2010    37.220   0.00   0   4.57  0.00    4.57  0.00     4.57   30.21 0.00  0  1.06   1.06   80.43  0   87.75   0.00  168.18  0.00   0.00   2.40  0.00   2.40  0.00    0.00  0.00  0    0.00   80.43    0.00   95.78   0.00   176.21
 4 Arizona   11 Greenlee County          2010     8.437   0.00   0   1.78  0.00    1.78  0.00     1.78    7.09 0.00  0  0.27   0.27   12.96  0    7.50   0.00   20.46  0.00   0.00   3.38  0.00   3.38  0.00    0.00  0.00  0    0.00   12.96    0.00   12.93   0.00    25.89
 4 Arizona   12 La Paz County            2010    20.489   0.43   0   3.03  0.00    3.46  0.00     3.46   14.72 0.00  0  0.92   0.92  612.63  0   51.83   0.00  664.46  0.00   0.00   0.00  0.00   0.00  0.00    0.00  0.00  0    0.00  613.06    0.00   55.78   0.00   668.84
 4 Arizona   13 Maricopa County          2010  3817.354 581.82   0 223.92  0.00  805.74  0.00   805.74 3774.91 0.00  0  6.42   6.42  303.88  0  798.11 100.65 1202.64  0.00   0.00  10.16  0.00  10.16  4.08    0.00 25.19  0   29.27  889.78    0.00 1063.80 100.65  2054.23
 4 Arizona   15 Mohave County            2010   200.209   0.00   0  42.98  0.00   42.98  0.00    42.98  191.94 0.00  0  1.22   1.22   53.76  0   20.16   2.75   76.67  0.00   0.00   0.07  0.00   0.07  0.00    0.00  2.92  0    2.92   53.76    0.00   67.35   2.75   123.86
 4 Arizona   17 Navajo County            2010   107.449   0.00   0  13.42  0.00   13.42  0.00    13.42   93.84 0.00  0  1.27   1.27    7.90  0    8.90   8.23   25.03  0.00   0.00   9.97  0.00   9.97  0.00    0.00 15.16  0   15.16    7.90    0.00   48.72   8.23    64.85
 4 Arizona   19 Pima County              2010   980.263   5.40   0 162.68  0.00  168.08  0.00   168.08  959.58 0.00  0  2.37   2.37   30.53  0   70.62  10.53  111.68  0.00   0.00  31.92  0.00  31.92  0.00    0.00  1.91  0    1.91   35.93    0.00  269.50  10.53   315.96
 4 Arizona   21 Pinal County             2010   375.826   8.84   0  53.47  0.00   62.31  0.00    62.31  363.26 0.00  0  1.78   1.78  799.64  0  263.78   2.03 1065.45  0.00   0.00   1.46  0.00   1.46  0.97    0.00  0.14  0    1.11  809.45    0.00  320.63   2.03  1132.11
 4 Arizona   23 Santa Cruz County        2010    47.420   0.00   0   5.95  0.00    5.95  0.00     5.95   42.46 0.00  0  0.79   0.79    0.00  0   10.56   0.05   10.61  0.00   0.00   0.14  0.00   0.14  0.00    0.00  0.00  0    0.00    0.00    0.00   17.44   0.05    17.49
 4 Arizona   25 Yavapai County           2010   211.033   0.00   0  22.87  0.00   22.87  0.00    22.87  186.64 0.00  0  2.66   2.66   18.96  0   11.35   0.59   30.90  0.00   0.00  19.68  0.00  19.68  0.00    0.00  0.00  0    0.00   18.96    0.00   56.56   0.59    76.11
 4 Arizona   27 Yuma County              2010   195.751  22.58   0  10.72  0.00   33.30  0.00    33.30  185.81 0.00  0  1.41   1.41  955.05  0  170.55   1.18 1126.78  0.00   0.00   0.33  0.00   0.33  0.71    0.00  0.00  0    0.71  978.34    0.00  183.01   1.18  1162.53
 6 Califor    1 Alameda County           2010  1510.271 193.07   0  22.43 13.47  228.97 19.77   228.97 1448.70 1.32  0  3.30   4.62   14.37  0   13.17   0.00   27.54  0.00   0.00   3.58  7.50  11.08  0.00    0.00  0.00  0    0.00  208.76    0.00   42.48  20.97   272.21
 6 Califor    3 Alpine County            2010     1.175   0.11   0   0.08  0.00    0.19  0.00     0.19    0.75 0.01  0  0.03   0.04    4.23  0    0.00   0.00    4.23  0.00   0.00   0.01  0.00   0.01  0.00    0.00  0.00  0    0.00    4.35    0.00    0.12   0.00     4.47
 6 Califor    5 Amador County            2010    38.091   6.37   0   1.22  0.00    7.59  0.08     7.59   30.21 0.13  0  0.44   0.57   17.58  0    5.66   0.00   23.24  0.62   0.00   0.35  0.00   0.97  0.00    0.00  0.00  0    0.00   24.70    0.00    7.67   0.00    32.37
 6 Califor    7 Butte County             2010   220.000  14.34   0  28.50  0.00   42.84  0.76    42.84  186.20 0.33  0  2.21   2.54  406.53  0  239.93   0.00  646.46  0.85   0.00   3.41  0.00   4.26  0.00    0.00  0.40  0    0.40  422.05    0.00  274.45   0.00   696.50
 6 Califor    9 Calaveras County         2010    45.578   9.17   0   0.48  0.47   10.12  0.00    10.12   33.01 0.20  0  0.58   0.78   10.72  0    2.03   0.00   12.75  0.04   0.00   0.17  0.00   0.21  0.00    0.00  0.00  0    0.00   20.13    0.00    3.26   0.47    23.86
 6 Califor   11 Colusa County            2010    21.419   0.06   0   4.07  0.00    4.13  0.10     4.13   17.94 0.02  0  0.24   0.26  704.18  0  125.09   0.00  829.27  0.00   0.00   0.84  0.00   0.84  0.00    0.00  0.52  0    0.52  704.26    0.00  130.76   0.00   835.02
 6 Califor   13 Contra Costa Count       2010  1049.025 169.97   0   8.21 13.42  191.60 34.02   191.60 1012.98 0.66  0  2.05   2.71   61.67  0    5.74   0.00   67.41  0.00   0.00   3.84 36.31  40.15  0.00   49.50  1.09  0   50.59  232.30   49.50   20.93  49.73   352.46
 6 Califor   15 Del Norte County         2010    28.610   0.16   0   2.73  0.00    2.89  0.03     2.89   20.74 0.10  0  0.49   0.59    0.47  0    9.70   0.00   10.17  0.00   0.00   0.02  0.00   0.02  0.00    0.00  0.00  0    0.00    0.73    0.00   12.94   0.00    13.67
 6 Califor   17 El Dorado County         2010   181.058  37.45   0   6.17  1.86   45.48  0.38    45.48  167.56 0.17  0  0.64   0.81    5.42  0    4.93   0.00   10.35  0.01   0.00   0.94  0.00   0.95  0.00    0.00  0.00  0    0.00   43.05    0.00   12.68   1.86    57.59
 6 Califor   19 Fresno County            2010   930.450  78.99   0 178.95  0.42  258.36 12.95   258.36  825.21 0.53  0  7.11   7.64 1805.20  0  712.83   0.00 2518.03  0.21   0.00  17.57  0.00  17.78  0.00    0.00  0.62  0    0.62 1884.93    0.00  917.08   0.42  2802.43
 6 Califor   21 Glenn County             2010    28.122   0.08   0   4.34  0.00    4.42  0.03     4.42   18.27 0.07  0  0.66   0.73  375.38  0  225.57   0.00  600.95  0.00   0.00   0.53  0.00   0.53  0.00    0.00  0.00  0    0.00  375.53    0.00  231.10   0.00   606.63
 6 Califor   23 Humboldt County          2010   134.623  12.68   0   3.54  1.93   18.15  0.33    18.15  124.30 0.24  0  0.44   0.68    3.06  0   37.20   0.00   40.26  0.03   0.00   0.72  0.02   0.77  0.00   56.07  0.00  0   56.07   16.01   56.07   41.90   1.95   115.93
 6 Califor   25 Imperial County          2010   174.528  30.27   0   1.95  0.00   32.22  1.75    32.22  156.35 0.30  0  0.28   0.58 1079.82  0   16.46   0.00 1096.28  0.00   0.00   7.38  0.00   7.38 22.50    0.00  0.00  0   22.50 1132.89    0.00   26.07   0.00  1158.96
 6 Califor   27 Inyo County              2010    18.546   0.01   0   5.70  0.00    5.71  0.00     5.71   16.93 0.03  0  0.09   0.12   30.64  0   55.04   0.00   85.68  1.29   0.00   0.09  0.00   1.38  0.00    0.00  9.48  0    9.48   31.97    0.00   70.40   0.00   102.37
 6 Califor   29 Kern County              2010   839.631  58.19   0 167.81 37.01  263.01 28.04   263.01  785.56 0.19  0  2.09   2.28 1036.43  0  785.57  36.25 1858.25  0.00   0.00  95.12  0.00  95.12  3.29    0.00  6.99  0   10.28 1098.10    0.00 1057.58  73.26  2228.94
 6 Califor   31 Kings County             2010   152.982   4.32   0  24.60  5.68   34.60  1.01    34.60  137.73 0.09  0  1.05   1.14  752.33  0  512.98   5.23 1270.54  0.00   0.00   3.10  0.00   3.10  0.00    0.00  0.38  0    0.38  756.74    0.00  542.11  10.91  1309.76
 6 Califor   33 Lake County              2010    64.665   4.41   0   3.66  0.00    8.07  0.01     8.07   38.72 0.31  0  1.64   1.95   10.32  0   22.43   0.00   32.75  0.10   0.00   0.99  0.00   1.09  0.00    0.00  6.99  0    6.99   15.14    0.00   35.71   0.00    50.85
 6 Califor   35 Lassen County            2010    34.895   0.00   0   7.26  0.00    7.26  0.54     7.26   16.68 0.09  0  0.47   0.56  137.00  0   56.92   0.00  193.92  0.01   0.00   0.07  0.00   0.08  0.00    0.00  0.79  0    0.79  137.10    0.00   65.51   0.00   202.61
 6 Califor   37 Los Angeles County       2010  9818.605 774.22   0 598.36 85.47 1458.05 56.12  1458.05 9242.70 9.23  0 31.21  40.44   29.23  0   62.66   6.28   98.17  0.00   0.00 197.69 15.82 213.51  0.00 1361.26  0.09  0 1361.35  812.68 1361.26  890.01 107.57  3171.52
 6 Califor   39 Madera County            2010   150.865   0.57   0  21.46  0.00   22.03  0.00    22.03  100.48 0.34  0  2.78   3.12  364.69  0  354.29   0.00  718.98  0.00   0.00   4.57  0.00   4.57  0.00    0.00  0.00  0    0.00  365.60    0.00  383.10   0.00   748.70
 6 Califor   41 Marin County             2010   252.409  31.08   0   0.94  0.60   32.62  0.01    32.62  247.37 0.07  0  0.31   0.38    3.16  0    6.91   2.47   12.54  0.02   0.00   0.36  0.02   0.40  0.00    0.00  0.00  0    0.00   34.33    0.00    8.52   3.09    45.94
 6 Califor   43 Mariposa County          2010    18.251   0.44   0   1.12  0.00    1.56  0.00     1.56    4.79 0.24  0  0.77   1.01    0.21  0    2.54   0.00    2.75  0.00   0.00   0.00  0.00   0.00  0.00    0.00  0.00  0    0.00    0.89    0.00    4.43   0.00     5.32
 6 Califor   45 Mendocino County         2010    87.841   3.91   0   5.93  0.18   10.02  0.20    10.02   61.94 0.31  0  1.63   1.94   39.23  0   27.04   0.00   66.27  0.02   0.00   3.46  0.18   3.66  0.00    0.00  0.00  0    0.00   43.47    0.00   38.06   0.36    81.89
 6 Califor   47 Merced County            2010   255.793   1.73   0  48.70  2.53   52.96  4.42    52.96  205.39 0.29  0  3.49   3.78 1029.65  0  403.81   0.00 1433.46  0.09   0.00   6.22  0.00   6.31  0.00    0.00  0.03  0    0.03 1031.76    0.00  462.25   2.53  1496.54
 6 Califor   49 Modoc County             2010     9.686   0.02   0   1.27  0.00    1.29  0.09     1.29    4.39 0.04  0  0.36   0.40  196.39  0   63.11   0.00  259.50  0.01   0.00   0.03  0.00   0.04  0.00    0.00  0.00  0    0.00  196.46    0.00   64.77   0.00   261.23
 6 Califor   51 Mono County              2010    14.202   1.53   0   1.45  0.09    3.07  0.00     3.07   11.89 0.03  0  0.09   0.12  174.89  0   51.61   0.00  226.50  0.01   0.00   0.10  0.00   0.11  0.00    0.00  0.00  0    0.00  176.46    0.00   53.25   0.09   229.80
 6 Califor   53 Monterey County          2010   415.057   0.19   0  48.18  0.00   48.37  1.56    48.37  375.63 0.20  0  1.82   2.02    1.53  0  478.95   6.06  486.54  0.00   0.00   7.15  0.00   7.15  0.00    6.88  0.64  0    7.52    1.92    6.88  536.74   6.06   551.60
 6 Califor   55 Napa County              2010   136.484  17.52   0   1.02  0.32   18.86  0.01    18.86  118.58 0.20  0  0.92   1.12   21.13  0   48.28   0.39   69.80  0.24   0.00   7.55  0.00   7.79  0.00    0.00  0.00  0    0.00   39.09    0.00   57.77   0.71    97.57
 6 Califor   57 Nevada County            2010    98.764  11.17   0   4.98  1.91   18.06  0.08    18.06   65.56 0.55  0  1.94   2.49   26.10  0    3.51   0.00   29.61  0.05   0.00   0.39  0.00   0.44  0.00    0.00  0.00  0    0.00   37.87    0.00   10.82   1.91    50.60
 6 Califor   59 Orange County            2010  3010.232 228.64   0 274.89 36.67  540.20 17.82   540.20 2795.88 1.88  0 14.14  16.02    5.42  0   13.02   5.54   23.98  0.00   0.00  26.59  1.81  28.40  0.16  200.65  0.00  0  200.81  236.10  200.65  328.64  44.02   809.41
 6 Califor   61 Placer County            2010   348.432  61.99   0   4.03  3.01   69.03  1.14    69.03  305.30 0.62  0  2.59   3.21   96.58  0   23.30   1.95  121.83  0.01   0.00   2.08  0.00   2.09  0.00    0.00  0.00  0    0.00  159.20    0.00   32.00   4.96   196.16
 6 Califor   63 Plumas County            2010    20.007   0.84   0   2.95  0.00    3.79  0.00     3.79   17.27 0.06  0  0.15   0.21   91.34  0   20.63   0.00  111.97  0.01   0.00   1.47  0.00   1.48  0.00    0.00  0.00  0    0.00   92.25    0.00   25.20   0.00   117.45
 6 Califor   65 Riverside County         2010  2189.641 209.05   0 310.04 47.40  566.49 12.05   566.49 2133.77 0.47  0  2.78   3.25  387.71  0  152.31  13.02  553.04  7.35   0.00   5.26  2.68  15.29  0.21    0.00  6.44  0    6.65  604.79    0.00  476.83  63.10  1144.72
 6 Califor   67 Sacramento County        2010  1418.788 194.92   0 116.72  0.73  312.37  5.73   312.37 1400.10 0.08  0  0.61   0.69  169.11  0  143.50   0.00  312.61  0.00   0.00  19.21  0.00  19.21  1.93    0.00  0.00  0    1.93  366.04    0.00  280.04   0.73   646.81
 6 Califor   69 San Benito County        2010    55.269   1.45   0   5.46  0.18    7.09  0.61     7.09   47.70 0.15  0  0.42   0.57   20.79  0   52.56   0.00   73.35  0.50   0.00   4.11  0.00   4.61  0.00    0.00  0.00  0    0.00   22.89    0.00   62.55   0.18    85.62
 6 Califor   71 San Bernardino Cou       2010  2035.210  93.76   0 380.07 23.11  496.94  9.26   496.94 2001.73 0.25  0  0.89   1.14   16.11  0   92.82   7.46  116.39  0.00   0.00  54.64  3.93  58.57  4.09    0.00 11.00  0   15.09  114.21    0.00  539.42  34.50   688.13
 6 Califor   73 San Diego County         2010  3095.313 451.18   0  30.31 30.48  511.97  3.93   511.97 2846.69 3.99  0 14.67  18.66  134.04  0   38.05  13.31  185.40  0.23   0.00   3.31  8.15  11.69  0.01 2142.34  0.00  0 2142.35  589.45 2142.34   86.34  51.94  2870.07
 6 Califor   75 San Francisco Coun       2010   805.235  80.78   0   1.50  0.00   82.28  2.10    82.28  805.24 0.00  0  0.00   0.00    0.30  0    0.44   0.00    0.74  0.01   0.00   0.05  0.00   0.06  0.00   10.41  0.00  0   10.41   81.09   10.41    1.99   0.00    93.49
 6 Califor   77 San Joaquin County       2010   685.306  71.18   0  43.63  1.47  116.28  4.52   116.28  616.05 0.24  0  4.60   4.84 1122.60  0  471.97   0.00 1594.57  0.00   0.00  24.18  0.11  24.29  0.00    0.00  1.53  0    1.53 1194.02    0.00  545.91   1.58  1741.51
 6 Califor   79 San Luis Obispo Co       2010   269.637  12.82   0  22.00  0.20   35.02  0.16    35.02  233.69 0.18  0  1.39   1.57   10.61  0  156.95   0.00  167.56  0.00   0.00   4.74  0.00   4.74  0.00 2366.99  0.00  0 2366.99   23.61 2366.99  185.08   0.20  2575.88
 6 Califor   81 San Mateo County         2010   718.451  77.56   0   5.80  4.80   88.16  2.37    88.16  702.05 0.33  0  0.92   1.25    3.26  0    4.86   0.00    8.12  0.00   0.00   0.35  0.00   0.35  0.00    0.00  0.00  0    0.00   81.15    0.00   11.93   4.80    97.88
 6 Califor   83 Santa Barbara Coun       2010   423.895  47.45   0  23.99  1.32   72.76  0.71    72.76  384.03 0.32  0  2.66   2.98    6.28  0  171.42   0.00  177.70  0.00   0.01  12.12  0.00  12.13  0.00    0.00  0.00  0    0.00   54.05    0.01  210.19   1.32   265.57
 6 Califor   85 Santa Clara County       2010  1781.642 152.91   0  90.42 14.20  257.53 10.10   257.53 1711.82 0.65  0  4.59   5.24    3.75  0   32.53   0.00   36.28  0.06   0.00  12.90  4.69  17.65  0.00    0.00  0.16  0    0.16  157.37    0.00  140.60  18.89   316.86
 6 Califor   87 Santa Cruz County        2010   262.382  10.96   0  13.61  0.78   25.35  1.06    25.35  242.93 0.21  0  1.25   1.46    0.38  0   32.87   0.00   33.25  0.02   0.00   7.08  0.00   7.10  0.00    0.00  0.00  0    0.00   11.57    0.00   54.81   0.78    67.16
 6 Califor   89 Shasta County            2010   177.223  35.43   0  13.44  0.00   48.87  1.21    48.87  162.96 0.24  0  0.83   1.07  126.73  0   24.17   0.00  150.90  0.09   0.00  15.75  0.00  15.84  0.03    0.00  2.03  0    2.06  162.52    0.00   56.22   0.00   218.74
 6 Califor   91 Sierra County            2010     3.240   0.13   0   0.58  0.00    0.71  0.00     0.71    2.83 0.01  0  0.02   0.03   25.33  0   12.51   0.00   37.84  0.00   0.00   0.45  0.00   0.45  0.00    0.00  0.00  0    0.00   25.47    0.00   13.56   0.00    39.03
 6 Califor   93 Siskiyou County          2010    44.900   2.77   0   4.07  0.00    6.84  0.08     6.84   28.58 0.32  0  0.90   1.22  258.17  0  142.49   0.00  400.66  0.01   0.00   2.34  0.00   2.35  0.00    0.00  0.00  0    0.00  261.27    0.00  149.80   0.00   411.07
 6 Califor   95 Solano County            2010   413.344  53.04   0  10.26  0.00   63.30  2.60    63.30  408.29 0.05  0  0.33   0.38  172.17  0  210.68   0.00  382.85  0.00   0.00   6.24  0.00   6.24  0.00    0.00  0.00  0    0.00  225.26    0.00  227.51   0.00   452.77
 6 Califor   97 Sonoma County            2010   483.878  33.15   0  15.51  3.69   52.35  1.07    52.35  406.93 0.39  0  5.38   5.77   61.29  0   96.92   3.59  161.80  0.05   0.00  15.07  0.11  15.23  0.00    0.00 31.78  0   31.78   94.88    0.00  164.66   7.39   266.93
 6 Califor   99 Stanislaus County        2010   514.453  27.55   0  76.09  8.46  112.10  6.39   112.10  474.01 0.19  0  2.85   3.04 1171.16  0  347.21   0.00 1518.37  0.06   0.00  16.44  1.04  17.54  0.00    0.00  0.55  0    0.55 1198.96    0.00  443.14   9.50  1651.60
 6 Califor  101 Sutter County            2010    94.737  15.13   0   2.96  0.12   18.21  1.76    18.21   87.98 0.09  0  0.42   0.51  462.04  0  232.32   0.00  694.36  0.00   0.00   8.92  0.12   9.04  0.00    0.00  0.02  0    0.02  477.26    0.00  244.64   0.24   722.14
 6 Califor  103 Tehama County            2010    63.463   0.11   0   9.60  0.00    9.71  0.53     9.71   35.37 0.54  0  1.57   2.11  647.35  0  163.39   0.00  810.74  0.05   0.00   2.15  0.00   2.20  0.00    0.00  0.00  0    0.00  648.05    0.00  176.71   0.00   824.76
 6 Califor  105 Trinity County           2010    13.786   1.36   0   0.25  0.00    1.61  0.00     1.61    7.46 0.12  0  0.36   0.48   15.60  0    4.08   0.00   19.68  0.03   0.00   0.73  0.00   0.76  0.00    0.00  0.00  0    0.00   17.11    0.00    5.42   0.00    22.53
 6 Califor  107 Tulare County            2010   442.179   3.27   0  75.89  7.69   86.85  3.02    86.85  374.94 0.44  0  4.60   5.04 1291.24  0 1208.13   0.00 2499.37  0.00   0.00  16.71  0.00  16.71  0.00    0.00  0.00  0    0.00 1294.95    0.00 1305.33   7.69  2607.97
 6 Califor  109 Tuolumne County          2010    55.365  15.35   0   1.34  1.65   18.34  0.00    18.34   48.78 0.04  0  0.15   0.19   16.34  0    0.78   0.00   17.12  0.08   0.00   1.61  0.00   1.69  0.00    0.00  0.06  0    0.06   31.81    0.00    3.94   1.65    37.40
 6 Califor  111 Ventura County           2010   823.318 115.31   0  47.99  2.62  165.92  7.10   165.92  771.98 1.20  0  2.43   3.63   62.41  0  163.86   7.16  233.43  0.00   0.03  18.95  0.05  19.03  0.00  293.19  0.00  0  293.19  178.92  293.22  233.23   9.83   715.20
 6 Califor  113 Yolo County              2010   200.849  11.70   0  27.86  1.84   41.40  0.26    41.40  186.31 0.04  0  1.04   1.08  366.44  0  371.56   0.00  738.00  0.16   0.00   1.42  0.00   1.58  0.00    0.00  0.00  0    0.00  378.34    0.00  401.88   1.84   782.06
 6 Califor  115 Yuba County              2010    72.155   0.41   0  10.12  0.01   10.54  0.01    10.54   60.69 0.06  0  0.80   0.86  189.90  0   51.10   0.00  241.00  1.06   0.01   8.27  0.00   9.34  0.00    0.00  0.00  0    0.00  191.43    0.01   70.29   0.01   261.74
 8 Colorad    1 Adams County             2010   441.603  64.97   0  12.18  0.00   77.15  0.00    77.15  429.40 0.00  0  1.01   1.01  129.43  0   16.30   0.00  145.73  0.00   0.00   0.13  0.00   0.13  6.90    0.00  0.00  0    6.90  201.30    0.00   29.62   0.00   230.92
 8 Colorad    3 Alamosa County           2010    15.445   0.00   0   1.72  0.00    1.72  0.00     1.72    9.02 0.00  0  0.87   0.87   33.86  0  115.68   0.00  149.54  0.00   0.00   0.02  0.00   0.02  0.00    0.00  0.00  0    0.00   33.86    0.00  118.29   0.00   152.15
 8 Colorad    5 Arapahoe County          2010   572.003 137.81   0  30.74  0.00  168.55  0.00   168.55  564.54 0.00  0  1.58   1.58   14.82  0    2.01   0.00   16.83  0.00   0.00   0.04  0.00   0.04  0.00    0.00  0.00  0    0.00  152.63    0.00   34.37   0.00   187.00
 8 Colorad    7 Archuleta County         2010    12.084   1.94   0   0.06  0.00    2.00  0.00     2.00    7.66 0.00  0  1.10   1.10   56.09  0    0.02   0.00   56.11  0.00   0.00   0.06  0.00   0.06  0.00    0.00  0.00  0    0.00   58.03    0.00    1.24   0.00    59.27
 8 Colorad    9 Baca County              2010     3.788   0.00   0   0.62  0.00    0.62  0.00     0.62    2.40 0.00  0  0.12   0.12    0.10  0   97.37   0.00   97.47  0.00   0.00   0.30  0.00   0.30  0.00    0.00  0.00  0    0.00    0.10    0.00   98.41   0.00    98.51
 8 Colorad   11 Bent County              2010     6.499   0.00   0   0.86  0.00    0.86  0.00     0.86    3.91 0.00  0  0.22   0.22  135.91  0   15.37   0.00  151.28  0.00   0.00   0.07  0.00   0.07  0.00    0.00  0.00  0    0.00  135.91    0.00   16.52   0.00   152.43
 8 Colorad   13 Boulder County           2010   294.567  81.17   0   0.20  0.00   81.37  0.00    81.37  290.22 0.00  0  0.50   0.50  145.57  0    0.08   0.00  145.65  0.00   0.00   0.04  0.00   0.04  4.04    0.00  0.00  0    4.04  230.78    0.00    0.82   0.00   231.60
 8 Colorad   14 Broomfield County        2010    55.889   5.01   0   0.00  0.00    5.01  0.00     5.01   55.89 0.00  0  0.00   0.00    1.39  0    0.00   0.00    1.39  0.00   0.00   0.00  0.00   0.00  0.00    0.00  0.00  0    0.00    6.40    0.00    0.00   0.00     6.40
 8 Colorad   15 Chaffee County           2010    17.809   1.64   0   1.68  0.00    3.32  0.00     3.32   12.64 0.00  0  0.52   0.52   97.80  0    0.04   0.00   97.84  0.00   0.00   0.12  0.00   0.12  0.00    0.00  0.00  0    0.00   99.44    0.00    2.36   0.00   101.80
 8 Colorad   17 Cheyenne County          2010     1.836   0.00   0   0.28  0.00    0.28  0.00     0.28    1.17 0.00  0  0.14   0.14    3.30  0   33.01   0.00   36.31  0.00   0.00   0.38  0.00   0.38  0.00    0.00  0.00  0    0.00    3.30    0.00   33.81   0.00    37.11
 8 Colorad   19 Clear Creek County       2010     9.088   1.16   0   0.18  0.00    1.34  0.00     1.34    6.14 0.00  0  0.31   0.31    0.17  0    0.00   0.00    0.17  0.00   0.00   0.00  0.00   0.00  0.00    0.00  0.00  0    0.00    1.33    0.00    0.49   0.00     1.82
 8 Colorad   21 Conejos County           2010     8.256   0.00   0   2.25  0.00    2.25  0.00     2.25    4.66 0.00  0  1.01   1.01  315.20  0   51.74   0.00  366.94  0.02   0.00   0.02  0.00   0.04  0.00    0.00  0.00  0    0.00  315.22    0.00   55.02   0.00   370.24
 8 Colorad   23 Costilla County          2010     3.524   0.00   0   0.44  0.00    0.44  0.00     0.44    2.19 0.00  0  0.19   0.19  105.42  0   33.06   0.00  138.48  0.00   0.00   0.03  0.00   0.03  0.00    0.00  0.00  0    0.00  105.42    0.00   33.72   0.00   139.14
 8 Colorad   25 Crowley County           2010     5.823   0.00   0   0.88  0.00    0.88  0.00     0.88    4.22 0.00  0  0.13   0.13    8.69  0    4.01   0.00   12.70  0.00   0.00   0.02  0.00   0.02  0.00    0.00  0.00  0    0.00    8.69    0.00    5.04   0.00    13.73
 8 Colorad   27 Custer County            2010     4.255   0.00   0   0.18  0.00    0.18  0.00     0.18    2.00 0.00  0  0.21   0.21   26.69  0    0.14   0.00   26.83  0.00   0.00   0.02  0.00   0.02  0.00    0.00  0.00  0    0.00   26.69    0.00    0.55   0.00    27.24
 8 Colorad   29 Delta County             2010    30.952   2.52   0   1.95  0.00    4.47  0.00     4.47   22.18 0.00  0  2.12   2.12  352.08  0    0.43   0.00  352.51  0.28   0.00   0.13  0.00   0.41  0.00    0.00  0.00  0    0.00  354.88    0.00    4.63   0.00   359.51
 8 Colorad   31 Denver County            2010   600.158 141.83   0   0.00  0.00  141.83  0.00   141.83  600.16 0.00  0  0.00   0.00    4.92  0    0.40   0.00    5.32  0.00   0.00   0.00  0.00   0.00  2.37    0.00  0.00  0    2.37  149.12    0.00    0.40   0.00   149.52
 8 Colorad   33 Dolores County           2010     2.064   0.23   0   0.02  0.00    0.25  0.00     0.25    1.00 0.00  0  0.19   0.19    5.11  0    0.00   0.00    5.11  0.00   0.00   0.04  0.00   0.04  0.00    0.00  0.00  0    0.00    5.34    0.00    0.25   0.00     5.59
 8 Colorad   35 Douglas County           2010   285.465  10.84   0  22.98  0.00   33.82  0.00    33.82  262.26 0.00  0  1.93   1.93   13.90  0    1.91   0.00   15.81  0.00   0.00   0.00  0.00   0.00  0.00    0.00  0.00  0    0.00   24.74    0.00   26.82   0.00    51.56
 8 Colorad   37 Eagle County             2010    52.197   6.30   0   4.40  0.00   10.70  0.00    10.70   49.59 0.00  0  0.36   0.36  126.63  0    0.03   0.00  126.66  0.00   0.00   0.17  0.00   0.17  0.00    0.00  0.00  0    0.00  132.93    0.00    4.96   0.00   137.89
 8 Colorad   39 Elbert County            2010    23.086   0.00   0   0.67  0.00    0.67  0.00     0.67    5.71 0.00  0  1.76   1.76    8.53  0    2.80   0.00   11.33  0.00   0.00   0.05  0.00   0.05  0.00    0.00  0.00  0    0.00    8.53    0.00    5.28   0.00    13.81
 8 Colorad   41 El Paso County           2010   622.263  66.54   0  12.00  0.00   78.54  0.00    78.54  590.39 0.00  0  3.53   3.53   25.71  0    5.95   0.00   31.66  0.00   0.00   0.07  0.00   0.07  0.00    0.00  2.31  0    2.31   92.25    0.00   23.86   0.00   116.11
 8 Colorad   43 Fremont County           2010    46.824   8.85   0   0.00  0.00    8.85  0.00     8.85   39.53 0.00  0  0.66   0.66  116.55  0    0.62   0.00  117.17  5.68   0.00   0.16  0.00   5.84 13.69    0.00  0.00  0   13.69  144.77    0.00    1.44   0.00   146.21
 8 Colorad   45 Garfield County          2010    56.389  12.56   0   1.64  0.00   14.20  0.00    14.20   40.34 0.00  0  2.11   2.11  244.72  0    0.23   0.00  244.95  0.00   0.00   0.19  0.00   0.19  0.00    0.00  0.00  0    0.00  257.28    0.00    4.17   0.00   261.45
 8 Colorad   47 Gilpin County            2010     5.441   0.49   0   0.04  0.00    0.53  0.00     0.53    3.68 0.00  0  0.16   0.16    2.16  0    0.00   0.00    2.16  0.00   0.00   0.00  0.00   0.00  0.00    0.00  0.00  0    0.00    2.65    0.00    0.20   0.00     2.85
 8 Colorad   49 Grand County             2010    14.843   1.26   0   0.99  0.00    2.25  0.00     2.25   13.60 0.00  0  0.15   0.15  183.96  0    0.10   0.00  184.06  0.00   0.00   0.07  0.00   0.07  0.00    0.00  0.00  0    0.00  185.22    0.00    1.31   0.00   186.53
 8 Colorad   51 Gunnison County          2010    15.324   0.80   0   1.74  0.00    2.54  0.00     2.54   13.92 0.00  0  0.10   0.10  557.23  0    0.87   0.00  558.10  0.56   0.00   0.05  0.00   0.61  0.00    0.00  0.00  0    0.00  558.59    0.00    2.76   0.00   561.35
 8 Colorad   53 Hinsdale County          2010     0.843   0.00   0   0.61  0.00    0.61  0.00     0.61    0.41 0.00  0  0.15   0.15   29.13  0    0.00   0.00   29.13  0.00   0.00   0.01  0.00   0.01  0.00    0.00  0.00  0    0.00   29.13    0.00    0.77   0.00    29.90
 8 Colorad   55 Huerfano County          2010     6.711   2.58   0   0.04  0.00    2.62  0.00     2.62    5.57 0.00  0  0.15   0.15   35.37  0    0.03   0.00   35.40  0.00   0.00   0.09  0.00   0.09  0.00    0.00  0.00  0    0.00   37.95    0.00    0.31   0.00    38.26
 8 Colorad   57 Jackson County           2010     1.394   0.05   0   0.14  0.00    0.19  0.00     0.19    0.82 0.00  0  0.11   0.11  347.27  0    0.00   0.00  347.27  0.00   0.00   0.29  0.00   0.29  0.00    0.00  0.00  0    0.00  347.32    0.00    0.54   0.00   347.86
 8 Colorad   59 Jefferson County         2010   534.543  14.95   0   0.47  0.00   15.42  0.00    15.42  502.11 0.00  0  3.18   3.18   16.48  0    0.28   0.00   16.76 40.23   0.00   2.69  0.00  42.92  0.02    0.00  0.00  0    0.02   71.68    0.00    6.62   0.00    78.30
 8 Colorad   61 Kiowa County             2010     1.398   0.00   0   0.25  0.00    0.25  0.00     0.25    0.96 0.00  0  0.09   0.09    0.07  0    5.09   0.00    5.16  0.00   0.00   0.06  0.00   0.06  0.00    0.00  0.00  0    0.00    0.07    0.00    5.49   0.00     5.56
 8 Colorad   63 Kit Carson County        2010     8.270   0.00   0   1.39  0.00    1.39  0.00     1.39    5.78 0.00  0  0.54   0.54    0.37  0  128.06   0.00  128.43  0.00   0.00   0.14  0.00   0.14  0.00    0.00  0.00  0    0.00    0.37    0.00  130.13   0.00   130.50
 8 Colorad   65 Lake County              2010     7.310   1.20   0   0.29  0.00    1.49  0.00     1.49    4.08 0.00  0  0.55   0.55   11.45  0    0.02   0.00   11.47  0.00   0.00   0.87  0.00   0.87  0.00    0.00  0.00  0    0.00   12.65    0.00    1.73   0.00    14.38
 8 Colorad   67 La Plata County          2010    51.334   6.59   0   1.14  0.00    7.73  0.00     7.73   45.49 0.00  0  0.63   0.63  327.08  0    0.20   0.00  327.28  0.20   0.00   0.80  0.00   1.00  0.00    0.00  0.00  0    0.00  333.87    0.00    2.77   0.00   336.64
 8 Colorad   69 Larimer County           2010   299.630  25.17   0   0.39  0.00   25.56  0.00    25.56  297.09 0.00  0  0.08   0.08  382.67  0    1.04   0.00  383.71  0.00   0.00   0.53  0.00   0.53  0.89    0.00  0.00  0    0.89  408.73    0.00    2.04   0.00   410.77
 8 Colorad   71 Las Animas County        2010    15.507   2.78   0   0.39  0.00    3.17  0.00     3.17   13.03 0.00  0  0.51   0.51   67.29  0    0.21   0.00   67.50  0.00   0.00   2.55  0.00   2.55  0.00    0.00  0.00  0    0.00   70.07    0.00    3.66   0.00    73.73
 8 Colorad   73 Lincoln County           2010     5.467   0.00   0   0.23  0.00    0.23  0.00     0.23    4.72 0.00  0  0.07   0.07    1.00  0    3.06   0.00    4.06  0.00   0.00   0.13  0.00   0.13  0.00    0.00  0.00  0    0.00    1.00    0.00    3.49   0.00     4.49
 8 Colorad   75 Logan County             2010    22.709   0.00   0   2.98  0.00    2.98  0.00     2.98   15.56 0.00  0  0.68   0.68  105.52  0   54.91   0.00  160.43  0.00   0.00   0.31  0.00   0.31  0.00    0.00  0.00  0    0.00  105.52    0.00   58.88   0.00   164.40
 8 Colorad   77 Mesa County              2010   146.723  10.54   0   0.12  0.00   10.66  0.00    10.66  137.60 0.00  0  0.63   0.63  742.49  0    0.33   0.00  742.82  0.40   0.00   0.18  0.00   0.58  0.04    0.00  0.00  0    0.04  753.47    0.00    1.26   0.00   754.73
 8 Colorad   79 Mineral County           2010     0.712   0.00   0   0.17  0.00    0.17  0.00     0.17    0.59 0.00  0  0.02   0.02   17.77  0    0.00   0.00   17.77  0.00   0.00   0.01  0.00   0.01  0.00    0.00  0.00  0    0.00   17.77    0.00    0.20   0.00    17.97
 8 Colorad   81 Moffat County            2010    13.795   1.79   0   0.30  0.00    2.09  0.00     2.09   10.25 0.00  0  0.42   0.42  151.67  0    0.83   0.00  152.50  0.96   0.00   0.83  0.00   1.79 13.32    0.00  0.00  0   13.32  167.74    0.00    2.38   0.00   170.12
 8 Colorad   83 Montezuma County         2010    25.535   4.57   0   0.10  0.00    4.67  0.00     4.67   19.82 0.00  0  0.56   0.56  249.77  0    0.03   0.00  249.80  0.00   0.00   0.05  0.00   0.05  0.00    0.00  0.00  0    0.00  254.34    0.00    0.74   0.00   255.08
 8 Colorad   85 Montrose County          2010    41.276   9.32   0   0.23  0.00    9.55  0.00     9.55   37.58 0.00  0  0.67   0.67  690.60  0    0.36   0.00  690.96  0.01   0.00   0.11  0.00   0.12  1.56    0.00  0.00  0    1.56  701.49    0.00    1.37   0.00   702.86
 8 Colorad   87 Morgan County            2010    28.159   1.68   0   2.11  0.00    3.79  0.00     3.79   26.79 0.00  0  0.20   0.20  156.93  0   14.81   0.00  171.74  0.00   0.00   0.99  0.00   0.99  0.00    0.00  8.54  0    8.54  158.61    0.00   26.65   0.00   185.26
 8 Colorad   89 Otero County             2010    18.831   0.00   0   4.27  0.00    4.27  0.00     4.27   17.20 0.00  0  0.13   0.13  412.83  0   19.50   0.00  432.33  0.00   0.00   0.06  0.00   0.06  0.00    0.00  0.00  0    0.00  412.83    0.00   23.96   0.00   436.79
 8 Colorad   91 Ouray County             2010     4.436   2.66   0   0.37  0.00    3.03  0.00     3.03    3.27 0.00  0  0.28   0.28  106.90  0    0.01   0.00  106.91  0.00   0.00   0.00  0.00   0.00  0.00    0.00  0.00  0    0.00  109.56    0.00    0.66   0.00   110.22
 8 Colorad   93 Park County              2010    16.206   0.12   0   0.22  0.00    0.34  0.00     0.34    2.20 0.00  0  1.83   1.83   22.17  0    0.00   0.00   22.17  0.00   0.00   0.06  0.00   0.06  0.00    0.00  0.00  0    0.00   22.29    0.00    2.11   0.00    24.40
 8 Colorad   95 Phillips County          2010     4.442   0.00   0   0.86  0.00    0.86  0.00     0.86    3.30 0.00  0  0.22   0.22    0.10  0   57.69   0.00   57.79  0.00   0.00   0.06  0.00   0.06  0.00    0.00  0.00  0    0.00    0.10    0.00   58.83   0.00    58.93
 8 Colorad   97 Pitkin County            2010    17.148   5.68   0   0.41  0.00    6.09  0.00     6.09   12.32 0.00  0  0.89   0.89  116.37  0    0.00   0.00  116.37  0.00   0.00   0.01  0.00   0.01  0.00    0.00  0.00  0    0.00  122.05    0.00    1.31   0.00   123.36
 8 Colorad   99 Prowers County           2010    12.551   0.00   0   2.62  0.00    2.62  0.00     2.62   11.98 0.00  0  0.07   0.07  105.49  0   40.04   0.00  145.53  0.00   0.00   0.11  0.00   0.11  0.00    0.00  3.93  0    3.93  105.49    0.00   46.77   0.00   152.26
 8 Colorad  101 Pueblo County            2010   159.063  42.65   0   0.63  0.00   43.28  0.00    43.28  155.26 0.00  0  0.25   0.25  140.14  0   14.99   0.00  155.13 80.31   0.00   0.19  0.00  80.50  9.71    0.00  0.00  0    9.71  272.81    0.00   16.06   0.00   288.87
 8 Colorad  103 Rio Blanco County        2010     6.666   1.12   0   0.78  0.00    1.90  0.00     1.90    4.49 0.00  0  0.53   0.53  251.60  0    0.11   0.00  251.71  0.32   0.00  12.19  0.00  12.51  0.00    0.00  0.00  0    0.00  253.04    0.00   13.61   0.00   266.65
 8 Colorad  105 Rio Grande County        2010    11.982   0.00   0   1.07  0.00    1.07  0.00     1.07    6.88 0.00  0  0.62   0.62  438.08  0  139.36   0.00  577.44  0.00   0.00   0.07  0.00   0.07  0.00    0.00  0.00  0    0.00  438.08    0.00  141.12   0.00   579.20
 8 Colorad  107 Routt County             2010    23.509   2.74   0   0.59  0.00    3.33  0.00     3.33   22.16 0.00  0  0.14   0.14  194.15  0    0.07   0.00  194.22  0.82   0.00   0.43  0.00   1.25  5.03    0.00  0.00  0    5.03  202.74    0.00    1.23   0.00   203.97
 8 Colorad  109 Saguache County          2010     6.108   0.00   0   0.91  0.00    0.91  0.00     0.91    4.61 0.00  0  0.24   0.24  113.84  0  155.88   0.00  269.72  0.00   0.00   0.05  0.00   0.05  0.00    0.00  0.00  0    0.00  113.84    0.00  157.08   0.00   270.92
 8 Colorad  111 San Juan County          2010     0.699   0.20   0   0.00  0.00    0.20  0.00     0.20    0.64 0.00  0  0.01   0.01    1.08  0    0.00   0.00    1.08  0.00   0.00   0.01  0.00   0.01  0.00    0.00  0.00  0    0.00    1.28    0.00    0.02   0.00     1.30
 8 Colorad  113 San Miguel County        2010     7.359   0.33   0   0.45  0.00    0.78  0.00     0.78    4.98 0.00  0  0.26   0.26   36.84  0    0.04   0.00   36.88  0.00   0.00   0.02  0.00   0.02  0.00    0.00  0.00  0    0.00   37.17    0.00    0.77   0.00    37.94
 8 Colorad  115 Sedgwick County          2010     2.379   0.00   0   0.53  0.00    0.53  0.00     0.53    1.98 0.00  0  0.08   0.08   45.61  0   15.20   0.00   60.81  0.00   0.00   0.00  0.00   0.00  0.00    0.00  0.00  0    0.00   45.61    0.00   15.81   0.00    61.42
 8 Colorad  117 Summit County            2010    27.994   5.10   0   2.22  0.00    7.32  0.00     7.32   24.70 0.00  0  0.71   0.71   60.61  0    0.05   0.00   60.66  0.00   0.00   0.01  0.00   0.01  0.00    0.00  0.00  0    0.00   65.71    0.00    2.99   0.00    68.70
 8 Colorad  119 Teller County            2010    23.350   1.72   0   1.26  0.00    2.98  0.00     2.98   15.46 0.00  0  0.47   0.47    4.10  0    0.00   0.00    4.10  0.04   0.00   0.01  0.00   0.05  0.00    0.00  0.00  0    0.00    5.86    0.00    1.74   0.00     7.60
 8 Colorad  121 Washington County        2010     4.814   0.00   0   0.52  0.00    0.52  0.00     0.52    2.31 0.00  0  0.27   0.27   13.64  0   57.74   0.00   71.38  0.00   0.00   1.23  0.00   1.23  0.00    0.00  0.00  0    0.00   13.64    0.00   59.76   0.00    73.40
 8 Colorad  123 Weld County              2010   252.825  27.85   0   1.15  0.00   29.00  0.00    29.00  251.02 0.00  0  0.18   0.18  410.80  0   16.60   0.00  427.40  0.00   0.00   0.87  0.00   0.87  2.63    0.00  2.00  0    4.63  441.28    0.00   20.80   0.00   462.08
 8 Colorad  125 Yuma County              2010    10.043   0.00   0   1.31  0.00    1.31  0.00     1.31    6.19 0.00  0  0.53   0.53    5.58  0  213.05   0.00  218.63  0.00   0.00   0.13  0.00   0.13  0.00    0.00  0.00  0    0.00    5.58    0.00  215.02   0.00   220.60
32 Nevada     1 Churchill County         2010    24.877   0.00   0   3.11  0.00    3.11  0.00     3.11   15.12 0.00  0  1.55   1.55  172.84  0    4.13   0.00  176.97  0.00   0.00   0.21  0.00   0.21  0.00    0.00  9.92  0    9.92  172.84    0.00   18.92   0.00   191.76
32 Nevada     3 Clark County             2010  1951.269 386.79   0  52.64  0.00  439.43  0.00   439.43 1877.94 0.00  0 14.67  14.67    4.43  0   10.04   2.21   16.68  7.19   0.00   2.89  0.00  10.08  3.04    0.00  4.95  0    7.99  401.45    0.00   85.19   2.21   488.85
32 Nevada     5 Douglas County           2010    46.997   0.91   0  10.50  0.00   11.41  0.00    11.41   43.68 0.00  0  0.63   0.63   88.10  0   10.24   0.00   98.34  0.00   0.00   0.14  0.00   0.14  0.00    0.00  0.00  0    0.00   89.01    0.00   21.51   0.00   110.52
32 Nevada     7 Elko County              2010    48.818   0.00   0  13.34  0.00   13.34  0.00    13.34   39.47 0.00  0  1.50   1.50  318.16  0   22.61   0.00  340.77  0.05   0.00   1.39  0.00   1.44  0.00    0.00  0.00  0    0.00  318.21    0.00   38.84   0.00   357.05
32 Nevada     9 Esmeralda County         2010     0.783   0.00   0   0.09  0.00    0.09  0.00     0.09    0.49 0.00  0  0.05   0.05    0.00  0   25.65   0.00   25.65  0.00   0.00   0.01  0.00   0.01  0.00    0.00  0.00  0    0.00    0.00    0.00   25.80   0.00    25.80
32 Nevada    11 Eureka County            2010     1.987   0.00   0   0.32  0.00    0.32  0.00     0.32    0.90 0.00  0  0.17   0.17    1.97  0  107.65   0.00  109.62  0.12   0.00 193.78  0.00 193.90  0.00    0.00  2.14  0    2.14    2.09    0.00  304.06   0.00   306.15
32 Nevada    13 Humboldt County          2010    16.528   0.00   0   3.71  0.00    3.71  0.00     3.71   11.67 0.00  0  0.78   0.78   45.66  0  212.12   0.00  257.78  0.00   0.00  13.04  0.00  13.04  0.00    0.00  7.08  0    7.08   45.66    0.00  236.73   0.00   282.39
32 Nevada    15 Lander County            2010     5.775   0.00   0   0.97  0.00    0.97  0.00     0.97    3.65 0.00  0  0.32   0.32    6.73  0   93.33   0.00  100.06  0.74   0.00  61.29  0.00  62.03  0.00    0.00  0.58  0    0.58    7.47    0.00  156.49   0.00   163.96
32 Nevada    17 Lincoln County           2010     5.345   0.00   0   0.97  0.00    0.97  0.00     0.97    4.06 0.00  0  0.26   0.26    2.33  0   50.30   0.02   52.65  0.00   0.00   0.25  0.00   0.25  0.00    0.00  0.00  0    0.00    2.33    0.00   51.78   0.02    54.13
32 Nevada    19 Lyon County              2010    51.980   0.00   0   8.02  0.00    8.02  0.00     8.02   38.44 0.00  0  2.17   2.17  191.57  0   11.66   0.00  203.23  0.19   0.00   0.18  0.00   0.37  0.00    0.00  3.39  0    3.39  191.76    0.00   25.42   0.00   217.18
32 Nevada    21 Mineral County           2010     4.772   0.00   0   1.43  0.00    1.43  0.00     1.43    4.67 0.00  0  0.02   0.02    0.00  0    1.64   0.00    1.64  0.00   0.00   0.05  0.00   0.05  0.00    0.00  0.00  0    0.00    0.00    0.00    3.14   0.00     3.14
32 Nevada    23 Nye County               2010    43.946   0.00   0   4.88  0.00    4.88  0.00     4.88   18.15 0.00  0  5.16   5.16    0.80  0   21.37   0.90   23.07  0.00   0.00  31.71  0.00  31.71  0.00    0.00  0.00  0    0.00    0.80    0.00   63.12   0.90    64.82
32 Nevada    27 Pershing County          2010     6.753   0.00   0   1.42  0.00    1.42  0.00     1.42    5.77 0.00  0  0.16   0.16   58.99  0   22.02   0.00   81.01  0.00   0.00   0.21  0.00   0.21  0.00    0.00  0.00  0    0.00   58.99    0.00   23.81   0.00    82.80
32 Nevada    29 Storey County            2010     4.010   0.00   0   0.40  0.00    0.40  0.00     0.40    3.79 0.00  0  0.04   0.04    0.34  0    0.00   0.00    0.34  0.02   0.00   0.14  0.00   0.16  0.64    0.00  0.39  0    1.03    1.00    0.00    0.97   0.00     1.97
32 Nevada    31 Washoe County            2010   421.407  58.77   0  18.84  0.00   77.61  0.00    77.61  411.37 0.00  0  2.03   2.03   38.01  0    7.43   0.00   45.44  0.00   0.00   2.78  0.00   2.78  0.00    0.00  0.43  0    0.43   96.78    0.00   31.51   0.00   128.29
32 Nevada    33 White Pine County        2010    10.030   0.00   0   1.99  0.00    1.99  0.00     1.99    8.20 0.00  0  0.29   0.29   24.49  0   57.84   0.42   82.75  0.33   0.00  34.85  0.00  35.18  0.00    0.00  0.00  0    0.00   24.82    0.00   94.97   0.42   120.21
32 Nevada   510 Carson City City         2010    55.274   1.33   0  10.38  0.00   11.71  0.00    11.71   55.20 0.00  0  0.01   0.01    5.16  0    0.04   0.00    5.20  0.00   0.00   0.07  0.00   0.07  0.00    0.00  0.00  0    0.00    6.49    0.00   10.50   0.00    16.99
35 NewMexi    1 Bernalillo County        2010   662.564  40.28   0  57.98  0.00   98.26  0.00    98.26  635.82 0.00  0  2.67   2.67   38.63  0    7.98   0.00   46.61  0.00   0.00   1.04  0.00   1.04  0.00    0.00  0.42  0    0.42   78.91    0.00   70.09   0.00   149.00
35 NewMexi    3 Catron County            2010     3.725   0.04   0   0.14  0.00    0.18  0.00     0.18    1.67 0.00  0  0.14   0.14   18.97  0    0.50   0.00   19.47  0.00   0.00   0.01  0.00   0.01  0.00    0.00  0.00  0    0.00   19.01    0.00    0.79   0.00    19.80
35 NewMexi    5 Chaves County            2010    65.645   0.00   0  14.77  0.00   14.77  0.00    14.77   55.65 0.00  0  1.00   1.00   14.52  0  209.05   0.00  223.57  0.00   0.00   0.26  0.00   0.26  0.00    0.00  0.00  0    0.00   14.52    0.00  225.08   0.00   239.60
35 NewMexi    6 Cibola County            2010    27.213   0.00   0   2.63  0.00    2.63  0.00     2.63   13.65 0.00  0  0.95   0.95    1.46  0    3.59   0.00    5.05  0.00   0.00   2.47  0.00   2.47  0.00    0.00  0.00  0    0.00    1.46    0.00    9.64   0.00    11.10
35 NewMexi    7 Colfax County            2010    13.750   1.88   0   0.76  0.00    2.64  0.00     2.64   13.13 0.00  0  0.05   0.05   41.30  0    3.51   0.00   44.81  0.27   0.00   0.04  0.00   0.31  0.00    0.00  0.00  0    0.00   43.45    0.00    4.36   0.00    47.81
35 NewMexi    9 Curry County             2010    48.376   0.00   0   7.33  0.00    7.33  0.00     7.33   41.75 0.00  0  0.66   0.66    0.15  0  155.86   0.00  156.01  0.00   0.00   0.01  0.00   0.01  0.00    0.00  0.00  0    0.00    0.15    0.00  163.86   0.00   164.01
35 NewMexi   11 De Baca County           2010     2.022   0.00   0   0.35  0.00    0.35  0.00     0.35    1.70 0.00  0  0.03   0.03   40.37  0   11.05   0.00   51.42  0.00   0.00   0.02  0.00   0.02  0.00    0.00  0.00  0    0.00   40.37    0.00   11.45   0.00    51.82
35 NewMexi   13 Dona Ana County          2010   209.233   0.00   0  36.96  0.00   36.96  0.00    36.96  203.40 0.00  0  0.58   0.58  242.39  0  115.47   0.00  357.86  0.00   0.00   0.18  0.00   0.18  0.00    0.00  1.66  0    1.66  242.39    0.00  154.85   0.00   397.24
35 NewMexi   15 Eddy County              2010    53.829   0.00   0  13.80  0.00   13.80  0.00    13.80   52.02 0.00  0  0.18   0.18   70.10  0   99.20   0.00  169.30  0.00   0.00  10.18  0.00  10.18  0.00    0.00  0.00  0    0.00   70.10    0.00  123.36   0.00   193.46
35 NewMexi   17 Grant County             2010    29.514   0.00   0   3.50  0.00    3.50  0.00     3.50   27.45 0.00  0  0.16   0.16   28.42  0    4.14   0.00   32.56  3.27   0.00   7.03  0.00  10.30  0.00    0.00  0.00  0    0.00   31.69    0.00   14.83   0.00    46.52
35 NewMexi   19 Guadalupe County         2010     4.687   0.00   0   0.71  0.00    0.71  0.00     0.71    4.25 0.00  0  0.04   0.04   21.10  0    2.03   0.00   23.13  0.00   0.00   0.00  0.00   0.00  0.00    0.00  0.00  0    0.00   21.10    0.00    2.78   0.00    23.88
35 NewMexi   21 Harding County           2010     0.695   0.00   0   0.06  0.00    0.06  0.00     0.06    0.42 0.00  0  0.02   0.02    0.07  0    3.05   0.00    3.12  0.00   0.00   0.00  0.00   0.00  0.00    0.00  0.00  0    0.00    0.07    0.00    3.13   0.00     3.20
35 NewMexi   23 Hidalgo County           2010     4.894   0.00   0   0.56  0.00    0.56  0.00     0.56    3.43 0.00  0  0.12   0.12    6.07  0   52.49   0.00   58.56  1.51   0.00   0.70  0.00   2.21  0.00    0.00  0.00  0    0.00    7.58    0.00   53.87   0.00    61.45
35 NewMexi   25 Lea County               2010    64.727   0.00   0  11.77  0.00   11.77  0.00    11.77   51.35 0.00  0  1.34   1.34    0.07  0  156.92   0.00  156.99  0.00   0.00   2.03  0.00   2.03  0.00    0.00  3.37  0    3.37    0.07    0.00  175.43   0.00   175.50
35 NewMexi   27 Lincoln County           2010    20.497   0.97   0   2.45  0.00    3.42  0.00     3.42   18.44 0.00  0  0.16   0.16   13.93  0    5.74   0.00   19.67  0.00   0.00   0.01  0.00   0.01  0.00    0.00  0.00  0    0.00   14.90    0.00    8.36   0.00    23.26
35 NewMexi   28 Los Alamos County        2010    17.950   0.02   0   3.61  0.00    3.63  0.00     3.63   17.95 0.00  0  0.00   0.00    0.00  0    0.00   0.00    0.00  0.00   0.00   0.00  0.00   0.00  0.00    0.00  0.00  0    0.00    0.02    0.00    3.61   0.00     3.63
35 NewMexi   29 Luna County              2010    25.095   0.00   0   3.62  0.00    3.62  0.00     3.62   17.34 0.00  0  0.77   0.77   59.48  0   44.56   0.00  104.04  0.01   0.00   0.15  0.00   0.16  0.00    0.00  1.09  0    1.09   59.49    0.00   50.19   0.00   109.68
35 NewMexi   31 McKinley County          2010    71.492   0.00   0   3.68  0.00    3.68  0.00     3.68   31.60 0.00  0  2.79   2.79    1.07  0    0.36   0.00    1.43  0.00   0.00   2.83  0.00   2.83  0.00    0.00  3.05  0    3.05    1.07    0.00   12.71   0.00    13.78
35 NewMexi   33 Mora County              2010     4.881   0.00   0   0.50  0.00    0.50  0.00     0.50    3.91 0.00  0  0.08   0.08   11.69  0    0.19   0.00   11.88  0.00   0.00   0.03  0.00   0.03  0.00    0.00  0.00  0    0.00   11.69    0.00    0.80   0.00    12.49
35 NewMexi   35 Otero County             2010    63.797   4.31   0   3.47  0.00    7.78  0.00     7.78   58.32 0.00  0  0.55   0.55    6.10  0   15.39   0.00   21.49  0.00   0.00   0.27  0.00   0.27  0.00    0.00  0.00  0    0.00   10.41    0.00   19.68   0.00    30.09
35 NewMexi   37 Quay County              2010     9.041   0.00   0   1.52  0.00    1.52  0.00     1.52    8.30 0.00  0  0.06   0.06   32.34  0    7.64   0.00   39.98  0.00   0.00   0.00  0.00   0.00  0.00    0.00  0.00  0    0.00   32.34    0.00    9.22   0.00    41.56
35 NewMexi   39 Rio Arriba County        2010    40.246   0.63   0   1.64  0.00    2.27  0.00     2.27   23.96 0.00  0  1.30   1.30  100.42  0    1.64   0.00  102.06  0.00   0.00   0.49  0.00   0.49  0.00    0.00  0.00  0    0.00  101.05    0.00    5.07   0.00   106.12
35 NewMexi   41 Roosevelt County         2010    19.846   0.00   0   2.58  0.00    2.58  0.00     2.58   18.28 0.00  0  0.16   0.16    0.07  0  170.67   0.00  170.74  0.00   0.00   0.13  0.00   0.13  0.00    0.00  0.00  0    0.00    0.07    0.00  173.54   0.00   173.61
35 NewMexi   43 Sandoval County          2010   131.561   0.20   0  14.00  0.00   14.20  0.00    14.20  100.95 0.00  0  2.45   2.45   43.16  0    2.25   0.00   45.41  0.00   0.00   2.98  0.00   2.98  0.00    0.00  0.00  0    0.00   43.36    0.00   21.68   0.00    65.04
35 NewMexi   45 San Juan County          2010   130.044  17.19   0   0.34  0.00   17.53  0.00    17.53  108.24 0.00  0  1.53   1.53  280.49  0    0.23   0.00  280.72  1.47   0.00   0.13  0.00   1.60 42.27    0.00  0.00  0   42.27  341.42    0.00    2.23   0.00   343.65
35 NewMexi   47 San Miguel County        2010    29.393   2.58   0   0.89  0.00    3.47  0.00     3.47   22.10 0.00  0  0.58   0.58   33.33  0    0.63   0.00   33.96  0.00   0.00   0.00  0.00   0.00  0.00    0.00  0.00  0    0.00   35.91    0.00    2.10   0.00    38.01
35 NewMexi   49 Santa Fe County          2010   144.170   4.11   0   8.10  0.00   12.21  0.00    12.21  119.56 0.00  0  2.09   2.09   16.45  0   19.02   0.00   35.47  0.00   0.00   0.04  0.00   0.04  0.00    0.00  0.00  0    0.00   20.56    0.00   29.25   0.00    49.81
35 NewMexi   51 Sierra County            2010    11.988   0.00   0   1.49  0.00    1.49  0.00     1.49   10.11 0.00  0  0.15   0.15   19.11  0   21.99   0.00   41.10  0.00   0.00   0.02  0.00   0.02  0.00    0.00  0.00  0    0.00   19.11    0.00   23.65   0.00    42.76
35 NewMexi   53 Socorro County           2010    17.866   0.00   0   2.05  0.00    2.05  0.00     2.05   13.89 0.00  0  0.32   0.32   98.93  0   27.99   0.00  126.92  0.00   0.00   0.07  0.00   0.07  0.00    0.00  0.00  0    0.00   98.93    0.00   30.43   0.00   129.36
35 NewMexi   55 Taos County              2010    32.937   0.17   0   1.87  0.00    2.04  0.00     2.04   20.18 0.00  0  1.02   1.02   81.28  0    1.17   0.00   82.45  3.98   0.00   6.07  0.00  10.05  0.00    0.00  0.00  0    0.00   85.43    0.00   10.13   0.00    95.56
35 NewMexi   57 Torrance County          2010    16.383   0.00   0   1.46  0.00    1.46  0.00     1.46   10.94 0.00  0  0.43   0.43    0.04  0   53.67   0.00   53.71  0.00   0.00   0.03  0.00   0.03  0.00    0.00  0.00  0    0.00    0.04    0.00   55.59   0.00    55.63
35 NewMexi   59 Union County             2010     4.549   0.00   0   0.50  0.00    0.50  0.00     0.50    2.63 0.00  0  0.15   0.15    1.75  0   60.83   0.00   62.58  0.00   0.00   0.00  0.00   0.00  0.00    0.00  0.00  0    0.00    1.75    0.00   61.48   0.00    63.23
35 NewMexi   61 Valencia County          2010    76.569   0.00   0   5.85  0.00    5.85  0.00     5.85   43.66 0.00  0  3.29   3.29  142.96  0   11.00   0.00  153.96  0.00   0.00   0.46  0.00   0.46  0.00    0.00  0.00  0    0.00  142.96    0.00   20.60   0.00   163.56
49 Utah       1 Beaver County            2010     6.629   0.00   0   2.38  0.00    2.38  0.00     2.38    5.52 0.00  0  0.19   0.19   34.26  0   46.30   0.00   80.56  0.00   0.00   0.81  0.00   0.81  0.01    0.00 17.30  0   17.31   34.27    0.00   66.98   0.00   101.25
49 Utah       3 Box Elder County         2010    49.975   0.00   0  15.89  0.00   15.89  0.00    15.89   47.89 0.00  0  0.35   0.35  339.40  0   48.73   0.00  388.13  0.00   0.00   0.90  0.00   0.90  0.00    0.00  0.00  0    0.00  339.40    0.00   65.87   0.00   405.27
49 Utah       5 Cache County             2010   112.656   0.36   0  33.11  0.00   33.47  0.00    33.47  107.58 0.00  0  0.85   0.85  223.80  0   30.86   0.00  254.66  0.00   0.00   0.51  0.00   0.51  0.00    0.00  0.00  0    0.00  224.16    0.00   65.33   0.00   289.49
49 Utah       7 Carbon County            2010    21.403   3.13   0   3.05  0.00    6.18  0.00     6.18   21.08 0.00  0  0.05   0.05   31.65  0    0.12   0.00   31.77  0.02   0.00   0.25  0.00   0.27  2.31    0.00  0.70  0    3.01   37.11    0.00    4.17   0.00    41.28
49 Utah       9 Daggett County           2010     1.059   0.08   0   0.74  0.00    0.82  0.00     0.82    0.60 0.00  0  0.08   0.08   18.02  0    0.09   0.00   18.11  0.00   0.00   0.00  0.00   0.00  0.00    0.00  0.00  0    0.00   18.10    0.00    0.91   0.00    19.01
49 Utah      11 Davis County             2010   306.479  23.45   0  18.12  0.00   41.57  0.00    41.57  304.64 0.00  0  0.31   0.31   37.11  0    3.24   0.62   40.97  0.00   0.00   1.82  0.00   1.82  0.00    0.00  0.00  0    0.00   60.56    0.00   23.49   0.62    84.67
49 Utah      13 Duchesne County          2010    18.607   2.24   0   2.44  0.00    4.68  0.00     4.68   16.57 0.00  0  0.34   0.34  320.78  0    0.96   0.50  322.24  0.73   0.00   0.76  0.00   1.49  0.00    0.00  0.00  0    0.00  323.75    0.00    4.50   0.50   328.75
49 Utah      15 Emery County             2010    10.976   1.09   0   0.92  0.00    2.01  0.00     2.01   10.58 0.00  0  0.07   0.07  101.60  0    0.10   0.00  101.70  0.00   0.00   1.41  0.00   1.41 25.36    0.00  0.00  0   25.36  128.05    0.00    2.50   0.00   130.55
49 Utah      17 Garfield County          2010     5.172   0.00   0   0.86  0.00    0.86  0.00     0.86    4.24 0.00  0  0.16   0.16   59.25  0    3.08   0.00   62.33  0.00   0.00   1.18  0.00   1.18  0.00    0.00  0.00  0    0.00   59.25    0.00    5.28   0.00    64.53
49 Utah      19 Grand County             2010     9.225   0.00   0   3.31  0.00    3.31  0.00     3.31    8.71 0.00  0  0.09   0.09   11.96  0    0.45   0.00   12.41  1.32   0.00   0.00  0.00   1.32  0.00    0.00  0.00  0    0.00   13.28    0.00    3.85   0.00    17.13
49 Utah      21 Iron County              2010    46.163   0.00   0   9.79  0.00    9.79  0.00     9.79   43.33 0.00  0  0.47   0.47   67.09  0  129.09   2.10  198.28  0.00   0.00   3.65  0.00   3.65  0.00    0.00  0.00  0    0.00   67.09    0.00  143.00   2.10   212.19
49 Utah      23 Juab County              2010    10.246   0.00   0   4.97  0.00    4.97  0.00     4.97    9.46 0.00  0  0.13   0.13   28.23  0   22.63   0.00   50.86  0.00   0.00   0.10  0.00   0.10  0.00    0.00  0.07  0    0.07   28.23    0.00   27.90   0.00    56.13
49 Utah      25 Kane County              2010     7.125   0.00   0   2.92  0.00    2.92  0.00     2.92    6.97 0.00  0  0.03   0.03   13.56  0    1.06   0.00   14.62  0.00   0.00   0.00  0.00   0.00  0.00    0.00  0.00  0    0.00   13.56    0.00    4.01   0.00    17.57
49 Utah      27 Millard County           2010    12.503   0.00   0   3.51  0.00    3.51  0.00     3.51   10.02 0.00  0  0.41   0.41  124.20  0  140.76   0.00  264.96  0.00   0.00   0.92  0.00   0.92 17.90    0.00  3.38  0   21.28  142.10    0.00  148.98   0.00   291.08
49 Utah      29 Morgan County            2010     9.469   0.00   0   1.45  0.00    1.45  0.00     1.45    7.49 0.00  0  0.33   0.33   33.89  0    0.21   0.00   34.10  0.00   0.00   0.12  0.00   0.12  0.00    0.00  0.00  0    0.00   33.89    0.00    2.11   0.00    36.00
49 Utah      31 Piute County             2010     1.556   0.00   0   1.66  0.00    1.66  0.00     1.66    1.38 0.00  0  0.03   0.03   42.76  0    2.12   0.00   44.88  0.00   0.00   0.00  0.00   0.00  0.00    0.00  0.00  0    0.00   42.76    0.00    3.81   0.00    46.57
49 Utah      33 Rich County              2010     2.264   0.00   0   1.40  0.00    1.40  0.00     1.40    1.66 0.00  0  0.10   0.10  141.18  0    1.21   0.00  142.39  0.00   0.00   0.00  0.00   0.00  0.00    0.00  0.00  0    0.00  141.18    0.00    2.71   0.00   143.89
49 Utah      35 Salt Lake County         2010  1029.655 223.77   0  71.93  0.00  295.70  0.00   295.70 1027.48 0.00  0  0.36   0.36   45.73  0    3.25   0.60   49.58  0.00  33.10  28.69  0.00  61.79  0.00    0.47  3.51  0    3.98  269.50   33.57  107.74   0.60   411.41
49 Utah      37 San Juan County          2010    14.746   1.36   0   0.89  0.00    2.25  0.00     2.25    7.38 0.00  0  1.23   1.23   20.07  0    0.91   0.20   21.18  0.00   0.00   4.67  0.00   4.67  0.00    0.00  0.00  0    0.00   21.43    0.00    7.70   0.20    29.33
49 Utah      39 Sanpete County           2010    27.822   0.00   0   3.62  0.00    3.62  0.00     3.62   24.56 0.00  0  0.54   0.54  163.25  0   13.56   0.00  176.81  0.00   0.00   0.76  0.00   0.76  0.00    0.00  0.00  0    0.00  163.25    0.00   18.48   0.00   181.73
49 Utah      41 Sevier County            2010    20.802   0.00   0   4.97  0.00    4.97  0.00     4.97   18.13 0.00  0  0.45   0.45  115.90  0   22.49   0.00  138.39  0.00   0.00   0.06  0.00   0.06  0.00    0.00  0.00  0    0.00  115.90    0.00   27.97   0.00   143.87
49 Utah      43 Summit County            2010    36.324   0.05   0  11.64  0.00   11.69  0.00    11.69   35.23 0.00  0  0.18   0.18   54.71  0    4.34   0.25   59.30  0.00   0.00   0.00  0.00   0.00  0.00    0.00  0.00  0    0.00   54.76    0.00   16.16   0.25    71.17
49 Utah      45 Tooele County            2010    58.218   0.83   0  14.54  0.00   15.37  0.00    15.37   54.78 0.00  0  0.57   0.57   41.40  0   17.29   1.60   60.29  0.00  64.88  46.44  0.00 111.32  0.00    0.00  0.00  0    0.00   42.23   64.88   78.84   1.60   187.55
49 Utah      47 Uintah County            2010    32.588   1.04   0   7.12  0.00    8.16  0.00     8.16   31.35 0.00  0  0.21   0.21  227.14  0   26.38   0.00  253.52  0.00   0.00   5.45  0.00   5.45  0.00    0.00  7.26  0    7.26  228.18    0.00   46.42   0.00   274.60
49 Utah      49 Utah County              2010   516.564  21.87   0  80.02  0.00  101.89  0.00   101.89  514.13 0.00  0  0.41   0.41  209.37  0   38.05   0.83  248.25  0.00   0.00  14.09  0.00  14.09  0.00    0.00  2.29  1    2.80  231.24    0.00  134.86   1.34   367.44
49 Utah      51 Wasatch County           2010    23.530   0.11   0   8.23  0.00    8.34  0.00     8.34   22.49 0.00  0  0.17   0.17   43.35  0    4.39   1.70   49.44  0.00   0.00   0.02  0.00   0.02  0.00    0.00  0.00  0    0.00   43.46    0.00   12.81   1.70    57.97
49 Utah      53 Washington Count         2010   138.115  14.46   0  29.79  0.00   44.25  0.00    44.25  137.92 0.00  0  0.03   0.03   70.28  0    7.57   3.19   81.04  0.00   0.00   0.10  0.00   0.10  0.00    0.00  0.00  0    0.00   84.74    0.00   37.49   3.19   125.42
49 Utah      55 Wayne County             2010     2.778   0.00   0   0.79  0.00    0.79  0.00     0.79    2.44 0.00  0  0.06   0.06   44.71  0   24.26   0.00   68.97  0.00   0.00   0.00  0.00   0.00  0.00    0.00  0.00  0    0.00   44.71    0.00   25.11   0.00    69.82
49 Utah      57 Weber County             2010   231.236  15.00   0  24.10  0.00   39.10  0.00    39.10  229.79 0.00  0  0.24   0.24   69.71  0    5.34   0.00   75.05 15.93 139.76   0.16  0.00 155.85  0.00    0.00  0.00  0    0.00  100.64  139.76   29.84   0.00   270.24
56 Wyoming    1 Albany County            2010    36.299   2.68   0   2.81  0.00    5.49  0.00     5.49   29.67 0.00  0  0.50   0.50  182.16  0    0.25   0.00  182.41  0.02   0.00   0.13  0.00   0.15  0.00    0.00  0.00  0    0.00  184.86    0.00    3.69   0.00   188.55
56 Wyoming    3 Big Horn County          2010    11.668   0.47   0   1.55  0.00    2.02  0.00     2.02    8.74 0.00  0  0.22   0.22  382.38  0    2.13   0.00  384.51  0.30   0.00   5.74  0.00   6.04  0.00    0.00  0.00  0    0.00  383.15    0.00    9.64   0.00   392.79
56 Wyoming    5 Campbell County          2010    46.133   0.00   0  11.05  0.00   11.05  0.00    11.05   45.43 0.00  0  0.05   0.05   42.51  0    1.87   0.00   44.38 10.77   0.00  53.33  0.00  64.10  0.00    0.00  1.84  0    1.84   53.28    0.00   68.14   0.00   121.42
56 Wyoming    7 Carbon County            2010    15.885   1.34   0   2.11  0.00    3.45  0.00     3.45   13.39 0.00  0  0.19   0.19  369.58  0    1.50   0.00  371.08  0.02   0.00   0.22  0.00   0.24  0.00    0.00  0.00  0    0.00  370.94    0.00    4.02   0.00   374.96
56 Wyoming    9 Converse County          2010    13.833   0.09   0   2.03  0.00    2.12  0.00     2.12    8.70 0.00  0  0.38   0.38  135.17  0    3.21   0.00  138.38  1.28   0.00   5.53  0.00   6.81  8.40    0.00  0.00  0    8.40  144.94    0.00   11.15   0.00   156.09
56 Wyoming   11 Crook County             2010     7.083   0.00   0   1.09  0.00    1.09  0.00     1.09    3.39 0.00  0  0.28   0.28   42.18  0    2.46   0.00   44.64  0.29   0.00   4.16  0.00   4.45  0.00    0.00  0.00  0    0.00   42.47    0.00    7.99   0.00    50.46
56 Wyoming   13 Fremont County           2010    40.123   3.87   0   1.95  0.00    5.82  0.00     5.82   24.42 0.00  0  1.18   1.18  502.30  0    0.25   0.00  502.55  0.05   0.00   0.40  0.00   0.45  0.00    0.00  0.00  0    0.00  506.22    0.00    3.78   0.00   510.00
56 Wyoming   15 Goshen County            2010    13.249   0.00   0   2.00  0.00    2.00  0.00     2.00    7.67 0.00  0  0.42   0.42  297.82  0   94.92   0.00  392.74  0.04   0.00   0.00  0.00   0.04  0.00    0.00  0.00  0    0.00  297.86    0.00   97.34   0.00   395.20
56 Wyoming   17 Hot Springs County       2010     4.812   0.69   0   0.24  0.00    0.93  0.00     0.93    3.70 0.00  0  0.08   0.08   74.57  0    2.61   0.00   77.18  0.01   0.00   0.08  0.00   0.09  0.00    0.00  0.00  0    0.00   75.27    0.00    3.01   0.00    78.28
56 Wyoming   19 Johnson County           2010     8.569   1.09   0   0.10  0.00    1.19  0.00     1.19    4.68 0.00  0  0.29   0.29  115.72  0    0.57   0.00  116.29  0.02   0.00   0.45  0.00   0.47  0.00    0.00  0.00  0    0.00  116.83    0.00    1.41   0.00   118.24
56 Wyoming   21 Laramie County           2010    91.738  10.19   0   4.12  0.00   14.31  0.00    14.31   71.94 0.00  0  1.48   1.48   64.07  0  154.62   0.00  218.69  0.16   0.00   1.79  0.00   1.95  0.00    0.00  0.00  0    0.00   74.42    0.00  162.01   0.00   236.43
56 Wyoming   23 Lincoln County           2010    18.106   0.75   0   3.13  0.00    3.88  0.00     3.88   13.91 0.00  0  0.31   0.31  186.88  0    3.38   0.00  190.26  0.15   0.00   0.82  0.00   0.97  8.86    0.00  0.00  0    8.86  196.64    0.00    7.64   0.00   204.28
56 Wyoming   25 Natrona County           2010    75.450   3.61   0   7.26  0.00   10.87  0.00    10.87   67.44 0.00  0  0.60   0.60  159.09  0    0.14   0.00  159.23  0.09   0.00   1.50  0.00   1.59  0.00    0.00  0.00  0    0.00  162.79    0.00    9.50   0.00   172.29
56 Wyoming   27 Niobrara County          2010     2.484   0.00   0   0.66  0.00    0.66  0.00     0.66    1.60 0.00  0  0.07   0.07    6.58  0   61.59   0.00   68.17  0.00   0.00   0.00  0.00   0.00  0.00    0.00  0.00  0    0.00    6.58    0.00   62.32   0.00    68.90
56 Wyoming   29 Park County              2010    28.205   2.97   0   0.19  0.00    3.16  0.00     3.16   22.20 0.00  0  0.45   0.45  299.43  0    0.07   0.00  299.50  0.48   0.00   1.39  0.00   1.87  0.00    0.00  0.00  0    0.00  302.88    0.00    2.10   0.00   304.98
56 Wyoming   31 Platte County            2010     8.667   0.00   0   1.24  0.00    1.24  0.00     1.24    4.43 0.00  0  0.32   0.32  271.16  0   57.87   0.00  329.03  0.05   0.00   0.14  0.00   0.19 19.40    0.00  0.00  0   19.40  290.61    0.00   59.57   0.00   350.18
56 Wyoming   33 Sheridan County          2010    29.116   4.79   0   0.00  0.00    4.79  0.00     4.79   25.07 0.00  0  0.30   0.30  192.78  0    0.17   0.00  192.95  0.04   0.00   0.13  0.00   0.17  0.00    0.00  0.00  0    0.00  197.61    0.00    0.60   0.00   198.21
56 Wyoming   35 Sublette County          2010    10.247   1.33   0   0.95  0.00    2.28  0.00     2.28    4.14 0.00  0  0.46   0.46  146.18  0   17.10   0.00  163.28  0.00   0.00   0.64  0.00   0.64  0.00    0.00  0.00  0    0.00  147.51    0.00   19.15   0.00   166.66
56 Wyoming   37 Sweetwater County        2010    43.806   9.59   0   0.30  0.00    9.89  0.00     9.89   43.34 0.00  0  0.03   0.03   91.28  0   10.85   0.00  102.13  0.78   0.00  31.81  0.00  32.59 24.40    0.00  0.00  0   24.40  126.05    0.00   42.99   0.00   169.04
56 Wyoming   39 Teton County             2010    21.294   0.11   0   5.10  0.00    5.21  0.00     5.21   18.62 0.00  0  0.20   0.20   25.59  0    0.01   0.00   25.60  0.06   0.00   0.15  0.00   0.21  0.00    0.00  0.00  0    0.00   25.76    0.00    5.46   0.00    31.22
56 Wyoming   41 Uinta County             2010    21.118   3.94   0   0.39  0.00    4.33  0.00     4.33   16.21 0.00  0  0.37   0.37  190.42  0   22.39   0.00  212.81  0.06   0.00   0.29  0.00   0.35  0.00    0.00  0.00  0    0.00  194.42    0.00   23.44   0.00   217.86
56 Wyoming   43 Washakie County          2010     8.533   0.00   0   1.54  0.00    1.54  0.00     1.54    5.79 0.00  0  0.21   0.21  158.58  0    4.76   0.00  163.34  0.05   0.00   0.34  0.00   0.39  0.00    0.00  0.00  0    0.00  158.63    0.00    6.85   0.00   165.48
56 Wyoming   45 Weston County            2010     7.208   0.00   0   1.66  0.00    1.66  0.00     1.66    5.03 0.00  0  0.16   0.16   24.77  0    0.63   0.00   25.40  0.10   0.00   0.12  0.00   0.22  0.00    0.00  0.45  0    0.45   24.87    0.00    3.02   0.00    27.89
